usf1597_RCC_L1_CL_M.jpg 4 0.0000001134 0.0000001259 0.0000001013 0.0000001252 -0.0000054182 -0.0000053927 -0.0000054289 -0.0000053928 0.977511 0.950019 1 0.950637 0.0000008563 0.0000008481 0.0000008620 0.0000008482 0.0000001153 0.0000001297 0.0000001020 0.0000001279 0.0000001120 0.0000001235 0.0000001007 0.0000001233
usf1621_RMLO_L1_CL_M.jpg 4 0.0000005023 0.0000005265 0.0000003996 0.0000005552 -0.0000143928 -0.0000143298 -0.0000144741 -0.0000143063 0.958878 0.933088 1 0.924172 0.0000024637 0.0000024451 0.0000025086 0.0000024325 0.0000005298 0.0000005557 0.0000004077 0.0000005899 0.0000004767 0.0000004993 0.0000003921 0.0000005232
usf1622_RMLO_L1_MS_M.jpg 4 0.0000003369 0.0000018765 0.0000017828 0.0000018376 -0.0000127472 -0.0000126363 -0.0000127640 -0.0000126682 0.973407 0.920251 1 0.954556 0.0000021932 0.0000021459 0.0000022006 0.0000021651 0.0000003403 0.0000214262 0.0000213938 0.0000213861 0.0000003347 0.0000003927 0.0000002958 0.0000003545
usf1632_RCC_L1_CL_M.jpg 4 0.0000005018 0.0000007509 0.0000004497 0.0000003681 -0.0000102558 -0.0000101866 -0.0000102918 -0.0000102322 0.974624 0.941416 1 0.965715 0.0000017382 0.0000017161 0.0000017550 0.0000017330 0.0000026294 0.0000048901 0.0000023158 0.0000010184 0.0000002596 0.0000002857 0.0000002258 0.0000002644
usf1639_LMLO_L1_MS_M.jpg 4 0.0000001256 0.0000012864 0.0000012740 0.0000013067 -0.0000103285 -0.0000102667 -0.0000103171 -0.0000102466 0.998604 0.985126 1 0.971251 0.0000018196 0.0000018010 0.0000018145 0.0000017925 0.0000001284 0.0000168695 0.0000169099 0.0000168992 0.0000001243 0.0000001356 0.0000001181 0.0000001520
usf1652_RCC_L1_CL_M.jpg 5 0.0000001838 0.0000002063 0.0000001671 0.0000001987 -0.0000091839 -0.0000091343 -0.0000092042 -0.0000091423 0.983352 0.960349 1 0.96377 0.0000015759 0.0000015604 0.0000015842 0.0000015643 0.0000001842 0.0000002070 0.0000001672 0.0000001995 0.0000001835 0.0000002057 0.0000001670 0.0000001979
usf1657_LCC_L1_MS_M.jpg 4 0.0000003043 0.0000018833 0.0000017733 0.0000018768 -0.0000133374 -0.0000132348 -0.0000133746 -0.0000132426 0.98308 0.953607 1 0.960242 0.0000023631 0.0000023281 0.0000023819 0.0000023322 0.0000003451 0.0000227204 0.0000226446 0.0000227207 0.0000002703 0.0000003048 0.0000002181 0.0000002965
usf1660_RMLO_L1_CL_B.jpg 4 0.0000004995 0.0000005659 0.0000004104 0.0000005419 -0.0000160359 -0.0000159276 -0.0000160894 -0.0000159486 0.984662 0.950961 1 0.954855 0.0000028192 0.0000027797 0.0000028512 0.0000027916 0.0000005476 0.0000006192 0.0000004208 0.0000005947 0.0000004548 0.0000005164 0.0000004009 0.0000004929
usf1661_RMLO_L1_MS_M.jpg 4 0.0000005882 0.0000006670 0.0000004925 0.0000006762 -0.0000189756 -0.0000188487 -0.0000190378 -0.0000188462 0.978877 0.935206 1 0.945217 0.0000033675 0.0000033221 0.0000034050 0.0000033209 0.0000006365 0.0000007261 0.0000005100 0.0000007461 0.0000005430 0.0000006119 0.0000004764 0.0000006120
usf1663_RCC_L1_CL_M.jpg 3 0.0000001289 0.0000001458 0.0000001189 0.0000001411 -0.0000088248 -0.0000087786 -0.0000088379 -0.0000087843 0.988673 0.963819 1 0.969609 0.0000015029 0.0000014904 0.0000015079 0.0000014927 0.0000001289 0.0000001459 0.0000001190 0.0000001412 0.0000001288 0.0000001456 0.0000001188 0.0000001410
usf1665_LMLO_L1_MS_M.jpg 4 0.0000000790 0.0000000829 0.0000000712 0.0000000872 -0.0000044991 -0.0000044823 -0.0000045079 -0.0000044782 0.984127 0.972535 1 0.964944 0.0000007213 0.0000007174 0.0000007252 0.0000007152 0.0000000792 0.0000000831 0.0000000713 0.0000000874 0.0000000789 0.0000000828 0.0000000710 0.0000000870
usf1667_LCC_L1_CL_M.jpg 4 0.0000002078 0.0000002251 0.0000001885 0.0000002310 -0.0000105070 -0.0000104585 -0.0000105309 -0.0000104522 0.98274 0.962303 1 0.958253 0.0000017989 0.0000017853 0.0000018086 0.0000017824 0.0000002079 0.0000002252 0.0000001887 0.0000002312 0.0000002077 0.0000002249 0.0000001884 0.0000002307
usf1685_LCC_L1_CL_B.jpg 4 0.0000003515 0.0000003738 0.0000003122 0.0000003996 -0.0000154426 -0.0000153720 -0.0000154886 -0.0000153457 0.974504 0.951942 1 0.937138 0.0000027015 0.0000026828 0.0000027211 0.0000026700 0.0000003517 0.0000003740 0.0000003123 0.0000003999 0.0000003514 0.0000003737 0.0000003121 0.0000003994
usf1685_LMLO_L1_CL_B.jpg 4 0.0000002964 0.0000003139 0.0000002392 0.0000003196 -0.0000122791 -0.0000122252 -0.0000123455 -0.0000122195 0.950216 0.930329 1 0.926286 0.0000020872 0.0000020728 0.0000021158 0.0000020698 0.0000003004 0.0000003188 0.0000002427 0.0000003242 0.0000002949 0.0000003120 0.0000002377 0.0000003179
usf1686_LCC_L1_MS_B.jpg 4 0.0000002973 0.0000003363 0.0000002648 0.0000003144 -0.0000129137 -0.0000128370 -0.0000129514 -0.0000128594 0.983902 0.945562 1 0.963933 0.0000022375 0.0000022118 0.0000022533 0.0000022228 0.0000002997 0.0000003389 0.0000002657 0.0000003170 0.0000002954 0.0000003343 0.0000002641 0.0000003124
usf1689_RCC_L1_MS_B.jpg 4 0.0000010187 0.0000041529 0.0000037461 0.0000041462 -0.0000249606 -0.0000247448 -0.0000251017 -0.0000247451 0.933164 0.895479 1 0.891424 0.0000044392 0.0000043686 0.0000045405 0.0000043689 0.0000011815 0.0000451669 0.0000447365 0.0000451376 0.0000008666 0.0000009341 0.0000006549 0.0000009347
usf1689_RMLO_L1_MS_B.jpg 4 0.0000002173 0.0000002407 0.0000001849 0.0000002375 -0.0000093240 -0.0000092741 -0.0000093590 -0.0000092778 0.970901 0.944329 1 0.942607 0.0000015794 0.0000015635 0.0000015953 0.0000015652 0.0000002194 0.0000002437 0.0000001859 0.0000002409 0.0000002155 0.0000002383 0.0000001841 0.0000002349
usf1697_RMLO_L1_CL_M.jpg 4 0.0000001853 0.0000002071 0.0000001476 0.0000001945 -0.0000073487 -0.0000073081 -0.0000073846 -0.0000073187 0.952808 0.918753 1 0.933884 0.0000011919 0.0000011784 0.0000012083 0.0000011839 0.0000001960 0.0000002209 0.0000001493 0.0000002056 0.0000001778 0.0000001975 0.0000001464 0.0000001870
usf1701_LMLO_L1_MS_M.jpg 5 0.0000001294 0.0000001405 0.0000001109 0.0000001406 -0.0000065888 -0.0000065587 -0.0000066087 -0.0000065586 0.970223 0.948355 1 0.94672 0.0000010686 0.0000010604 0.0000010778 0.0000010603 0.0000001305 0.0000001431 0.0000001119 0.0000001432 0.0000001286 0.0000001389 0.0000001101 0.0000001390
usf1705_RCC_L1_CL_B.jpg 4 0.0000004592 0.0000005177 0.0000003945 0.0000004994 -0.0000196496 -0.0000195301 -0.0000197194 -0.0000195505 0.977451 0.942528 1 0.949922 0.0000035041 0.0000034658 0.0000035346 0.0000034748 0.0000004672 0.0000005281 0.0000003970 0.0000005094 0.0000004517 0.0000005085 0.0000003922 0.0000004904
usf1705_RMLO_L1_CL_B.jpg 4 0.0000002264 0.0000010467 0.0000009891 0.0000010245 -0.0000118603 -0.0000117598 -0.0000118586 -0.0000117812 0.985148 0.937053 1 0.957621 0.0000020322 0.0000019951 0.0000020304 0.0000020059 0.0000002269 0.0000113740 0.0000113453 0.0000113504 0.0000002260 0.0000002768 0.0000002175 0.0000002552
usf1718_RCC_L1_MS_B.jpg 4 0.0000001784 0.0000002094 0.0000001656 0.0000001935 -0.0000085313 -0.0000084756 -0.0000085465 -0.0000084917 0.978933 0.941816 1 0.958848 0.0000014288 0.0000014094 0.0000014351 0.0000014173 0.0000001802 0.0000002115 0.0000001672 0.0000001956 0.0000001773 0.0000002081 0.0000001647 0.0000001923
usf1718_RMLO_L1_MS_B.jpg 4 0.0000000869 0.0000001006 0.0000000777 0.0000000914 -0.0000045273 -0.0000045019 -0.0000045370 -0.0000045102 0.981846 0.95237 1 0.969225 0.0000007206 0.0000007119 0.0000007253 0.0000007166 0.0000000874 0.0000001013 0.0000000785 0.0000000924 0.0000000866 0.0000001001 0.0000000772 0.0000000907
usf1719_LCC_L1_MS_B.jpg 4 0.0000000698 0.0000000755 0.0000000613 0.0000000743 -0.0000044113 -0.0000043931 -0.0000044217 -0.0000043945 0.985005 0.970224 1 0.972919 0.0000007115 0.0000007067 0.0000007158 0.0000007073 0.0000000700 0.0000000757 0.0000000615 0.0000000745 0.0000000697 0.0000000754 0.0000000612 0.0000000741
usf1721_LMLO_L1_CL_M.jpg 4 0.0000000901 0.0000004276 0.0000004142 0.0000004321 -0.0000079550 -0.0000079095 -0.0000079474 -0.0000079054 1 0.980339 0.996793 0.976845 0.0000013429 0.0000013309 0.0000013417 0.0000013288 0.0000000902 0.0000032412 0.0000032377 0.0000032503 0.0000000900 0.0000001002 0.0000000859 0.0000001044
usf1722_LCC_L1_CL_M.jpg 4 0.0000002038 0.0000008019 0.0000007646 0.0000008235 -0.0000106038 -0.0000105307 -0.0000106025 -0.0000105118 0.989993 0.951802 1 0.932202 0.0000017901 0.0000017667 0.0000017914 0.0000017564 0.0000002040 0.0000064374 0.0000064264 0.0000064711 0.0000002037 0.0000002314 0.0000001917 0.0000002519
usf1724_LCC_L1_CL_M.jpg 4 0.0000002488 0.0000002813 0.0000002426 0.0000002964 -0.0000109937 -0.0000109285 -0.0000110032 -0.0000109137 0.993754 0.957115 1 0.942461 0.0000018509 0.0000018297 0.0000018539 0.0000018221 0.0000002530 0.0000002869 0.0000002461 0.0000003012 0.0000002469 0.0000002789 0.0000002409 0.0000002942
usf1730_LMLO_L1_CL_M.jpg 4 0.0000004234 0.0000004474 0.0000003473 0.0000004801 -0.0000148403 -0.0000147727 -0.0000149197 -0.0000147419 0.956252 0.934854 1 0.908705 0.0000025605 0.0000025415 0.0000025977 0.0000025253 0.0000004289 0.0000004537 0.0000003501 0.0000004868 0.0000004189 0.0000004423 0.0000003453 0.0000004746
usf1731_LCC_L1_CL_M.jpg 4 0.0000001066 0.0000001145 0.0000000951 0.0000001189 -0.0000056366 -0.0000056129 -0.0000056483 -0.0000056091 0.97662 0.95635 1 0.94747 0.0000008974 0.0000008910 0.0000009031 0.0000008888 0.0000001070 0.0000001151 0.0000000954 0.0000001197 0.0000001063 0.0000001140 0.0000000949 0.0000001185
usf1736_RCC_L1_CL_B.jpg 3 0.0000002591 0.0000021059 0.0000020457 0.0000020787 -0.0000150991 -0.0000149446 -0.0000150592 -0.0000149718 1 0.94302 0.991797 0.958367 0.0000026654 0.0000026121 0.0000026519 0.0000026249 0.0000002592 0.0000255546 0.0000255662 0.0000255203 0.0000002590 0.0000003225 0.0000002573 0.0000002969
usf1737_RMLO_L1_MS_B.jpg 4 0.0000003729 0.0000004132 0.0000003056 0.0000004116 -0.0000146439 -0.0000145615 -0.0000147077 -0.0000145629 0.969703 0.934574 1 0.943125 0.0000025627 0.0000025362 0.0000025930 0.0000025371 0.0000003877 0.0000004306 0.0000003103 0.0000004292 0.0000003596 0.0000003977 0.0000003017 0.0000003958
usf1738_LCC_L1_MS_B.jpg 4 0.0000000700 0.0000009521 0.0000009434 0.0000009561 -0.0000082799 -0.0000082300 -0.0000082676 -0.0000082267 0.99985 0.982233 1 0.979935 0.0000014087 0.0000013931 0.0000014028 0.0000013916 0.0000000704 0.0000128571 0.0000128879 0.0000128640 0.0000000698 0.0000000820 0.0000000699 0.0000000847
usf1742_LCC_L1_MS_B.jpg 4 0.0000001243 0.0000001400 0.0000001156 0.0000001362 -0.0000061356 -0.0000061029 -0.0000061457 -0.0000061064 0.983777 0.952903 1 0.958754 0.0000009893 0.0000009787 0.0000009936 0.0000009806 0.0000001249 0.0000001407 0.0000001161 0.0000001370 0.0000001240 0.0000001397 0.0000001153 0.0000001358
usf1742_LMLO_L1_MS_B.jpg 4 0.0000004215 0.0000004490 0.0000003659 0.0000004747 -0.0000163780 -0.0000163031 -0.0000164261 -0.0000162774 0.984796 0.963517 1 0.950053 0.0000028866 0.0000028653 0.0000029102 0.0000028525 0.0000004392 0.0000004683 0.0000003708 0.0000004945 0.0000004055 0.0000004316 0.0000003617 0.0000004570
usf1743_LCC_L1_CL_B.jpg 4 0.0000001358 0.0000001464 0.0000001234 0.0000001526 -0.0000071949 -0.0000071631 -0.0000072096 -0.0000071570 0.979518 0.959106 1 0.950235 0.0000011765 0.0000011679 0.0000011827 0.0000011648 0.0000001358 0.0000001465 0.0000001234 0.0000001527 0.0000001357 0.0000001463 0.0000001233 0.0000001526
usf1746_RMLO_L1_CL_B.jpg 4 0.0000006591 0.0000008966 0.0000006732 0.0000008996 -0.0000237865 -0.0000235891 -0.0000238328 -0.0000235892 0.987832 0.948256 1 0.951588 0.0000043118 0.0000042520 0.0000043551 0.0000042509 0.0000007427 0.0000014100 0.0000011224 0.0000014149 0.0000005871 0.0000006595 0.0000004941 0.0000006616
usf1747_RCC_L1_MS_B.jpg 4 0.0000002455 0.0000003898 0.0000003265 0.0000003893 -0.0000101169 -0.0000100347 -0.0000101199 -0.0000100356 0.998104 0.952447 1 0.951163 0.0000017278 0.0000016956 0.0000017292 0.0000016959 0.0000002564 0.0000006859 0.0000006141 0.0000006850 0.0000002356 0.0000002759 0.0000002208 0.0000002753
usf1748_RCC_L1_MS_B.jpg 3 0.0000001757 0.0000001850 0.0000001485 0.0000001954 -0.0000065449 -0.0000065189 -0.0000065673 -0.0000065100 0.98034 0.964786 1 0.958607 0.0000010868 0.0000010796 0.0000010987 0.0000010748 0.0000001840 0.0000001950 0.0000001515 0.0000002066 0.0000001682 0.0000001762 0.0000001458 0.0000001857
usf1748_RMLO_L1_MS_B.jpg 3 0.0000001244 0.0000001391 0.0000001101 0.0000001359 -0.0000061129 -0.0000060812 -0.0000061288 -0.0000060845 0.980809 0.95503 1 0.962404 0.0000010058 0.0000009957 0.0000010128 0.0000009974 0.0000001250 0.0000001398 0.0000001104 0.0000001369 0.0000001239 0.0000001385 0.0000001099 0.0000001350
usf1749_RMLO_L1_CL_B.jpg 4 0.0000002691 0.0000002969 0.0000002304 0.0000002856 -0.0000123432 -0.0000122785 -0.0000123880 -0.0000122898 0.965934 0.937503 1 0.946568 0.0000021060 0.0000020865 0.0000021253 0.0000020920 0.0000002695 0.0000002980 0.0000002305 0.0000002863 0.0000002686 0.0000002959 0.0000002303 0.0000002850
usf1751_RCC_L1_CL_B.jpg 4 0.0000001321 0.0000001463 0.0000001205 0.0000001459 -0.0000058764 -0.0000058469 -0.0000058874 -0.0000058473 0.978028 0.947111 1 0.947193 0.0000009308 0.0000009211 0.0000009365 0.0000009213 0.0000001321 0.0000001464 0.0000001206 0.0000001460 0.0000001320 0.0000001462 0.0000001205 0.0000001458
usf1755_LMLO_L1_CL_B.jpg 4 0.0000002481 0.0000002816 0.0000002354 0.0000002960 -0.0000113407 -0.0000112743 -0.0000113555 -0.0000112602 0.987626 0.959547 1 0.946912 0.0000019605 0.0000019386 0.0000019668 0.0000019316 0.0000002495 0.0000002839 0.0000002365 0.0000002990 0.0000002469 0.0000002797 0.0000002345 0.0000002936
usf1757_LCC_L1_MS_B.jpg 3 0.0000001548 0.0000006128 0.0000005768 0.0000006105 -0.0000101723 -0.0000101060 -0.0000101763 -0.0000101083 0.989028 0.95601 1 0.959067 0.0000017349 0.0000017156 0.0000017389 0.0000017167 0.0000001552 0.0000044005 0.0000043743 0.0000043968 0.0000001546 0.0000001752 0.0000001381 0.0000001731
usf1757_LMLO_L1_MS_B.jpg 3 0.0000001351 0.0000013472 0.0000013235 0.0000013483 -0.0000109723 -0.0000108874 -0.0000109509 -0.0000108871 1 0.967042 0.997329 0.966944 0.0000018929 0.0000018651 0.0000018842 0.0000018651 0.0000001351 0.0000175174 0.0000175469 0.0000175215 0.0000001350 0.0000001643 0.0000001362 0.0000001643
usf1759_LMLO_L1_MS_B.jpg 3 0.0000001773 0.0000001822 0.0000001597 0.0000002138 -0.0000090004 -0.0000089695 -0.0000090219 -0.0000089370 0.977212 0.967383 1 0.932741 0.0000015215 0.0000015149 0.0000015303 0.0000014991 0.0000001773 0.0000001822 0.0000001597 0.0000002138 0.0000001773 0.0000001822 0.0000001597 0.0000002138
usf1763_LCC_L1_MS_B.jpg 4 0.0000002762 0.0000002985 0.0000002449 0.0000003099 -0.0000125918 -0.0000125321 -0.0000126270 -0.0000125187 0.975342 0.94954 1 0.9421 0.0000021735 0.0000021564 0.0000021892 0.0000021507 0.0000002770 0.0000002995 0.0000002458 0.0000003110 0.0000002758 0.0000002980 0.0000002445 0.0000003095
usf1768_LCC_L1_MS_B.jpg 4 0.0000004495 0.0000004728 0.0000003431 0.0000004944 -0.0000141752 -0.0000141113 -0.0000142618 -0.0000140916 0.961007 0.939757 1 0.926129 0.0000024528 0.0000024345 0.0000024973 0.0000024239 0.0000004820 0.0000005064 0.0000003493 0.0000005287 0.0000004196 0.0000004420 0.0000003376 0.0000004629
usf1769_LCC_L1_MS_B.jpg 4 0.0000000666 0.0000003542 0.0000003409 0.0000003514 -0.0000046066 -0.0000045811 -0.0000046090 -0.0000045838 0.989181 0.966415 1 0.971941 0.0000007406 0.0000007319 0.0000007410 0.0000007334 0.0000000667 0.0000033429 0.0000033398 0.0000033414 0.0000000665 0.0000000762 0.0000000620 0.0000000733
usf1770_RMLO_L1_MS_B.jpg 3 0.0000005037 0.0000006180 0.0000004369 0.0000005155 -0.0000185690 -0.0000184040 -0.0000186345 -0.0000185012 0.976137 0.906514 1 0.964642 0.0000032722 0.0000032067 0.0000033039 0.0000032573 0.0000005147 0.0000006328 0.0000004424 0.0000005270 0.0000004958 0.0000006079 0.0000004336 0.0000005071
usf1771_RMLO_L1_MS_B.jpg 4 0.0000002686 0.0000003569 0.0000002519 0.0000002709 -0.0000122384 -0.0000121132 -0.0000122558 -0.0000121974 0.984396 0.902931 1 0.977069 0.0000020963 0.0000020465 0.0000021046 0.0000020893 0.0000002686 0.0000003578 0.0000002520 0.0000002709 0.0000002685 0.0000003562 0.0000002519 0.0000002709
usf1772_LCC_L1_MS_M.jpg 4 0.0000001035 0.0000010659 0.0000010567 0.0000010785 -0.0000090134 -0.0000089597 -0.0000089995 -0.0000089480 0.999074 0.980542 1 0.96787 0.0000015325 0.0000015140 0.0000015243 0.0000015079 0.0000001040 0.0000140924 0.0000141244 0.0000141053 0.0000001031 0.0000001200 0.0000001077 0.0000001321
usf1773_RCC_L1_CL_B.jpg 4 0.0000001850 0.0000001939 0.0000001603 0.0000001967 -0.0000060170 -0.0000059925 -0.0000060385 -0.0000059903 0.960152 0.939958 1 0.935665 0.0000009422 0.0000009351 0.0000009543 0.0000009336 0.0000001869 0.0000001960 0.0000001608 0.0000001983 0.0000001841 0.0000001929 0.0000001600 0.0000001959
usf1773_RMLO_L1_CL_B.jpg 4 0.0000001243 0.0000001502 0.0000001151 0.0000001258 -0.0000058435 -0.0000058042 -0.0000058530 -0.0000058248 0.981941 0.931438 1 0.972945 0.0000009301 0.0000009146 0.0000009347 0.0000009268 0.0000001249 0.0000001510 0.0000001157 0.0000001265 0.0000001239 0.0000001496 0.0000001147 0.0000001252
usf1774_LCC_L1_CL_B.jpg 4 0.0000001961 0.0000002115 0.0000001589 0.0000002057 -0.0000080011 -0.0000079638 -0.0000080349 -0.0000079697 0.977044 0.955892 1 0.959286 0.0000013451 0.0000013339 0.0000013622 0.0000013367 0.0000002017 0.0000002181 0.0000001601 0.0000002120 0.0000001908 0.0000002055 0.0000001578 0.0000002000
usf1778_LMLO_L1_MS_B.jpg 4 0.0000004043 0.0000004243 0.0000003276 0.0000004588 -0.0000143525 -0.0000142971 -0.0000144230 -0.0000142629 0.966535 0.952505 1 0.928504 0.0000024996 0.0000024860 0.0000025332 0.0000024690 0.0000004500 0.0000004978 0.0000003572 0.0000005332 0.0000003789 0.0000003912 0.0000003157 0.0000004251
usf1782_LCC_L1_CL_B.jpg 4 0.0000003093 0.0000004222 0.0000003556 0.0000004492 -0.0000134221 -0.0000133340 -0.0000134298 -0.0000133089 0.993165 0.961213 1 0.951536 0.0000023491 0.0000023210 0.0000023559 0.0000023081 0.0000003271 0.0000007018 0.0000006220 0.0000007326 0.0000002926 0.0000003271 0.0000002744 0.0000003525
usf1782_LMLO_L1_CL_B.jpg 4 0.0000004593 0.0000005063 0.0000004191 0.0000005423 -0.0000196846 -0.0000195751 -0.0000197305 -0.0000195401 0.978277 0.946617 1 0.927899 0.0000034702 0.0000034371 0.0000034902 0.0000034194 0.0000004616 0.0000005087 0.0000004208 0.0000005458 0.0000004580 0.0000005048 0.0000004181 0.0000005402
usf1783_LMLO_L1_CL_B.jpg 4 0.0000003768 0.0000004078 0.0000003085 0.0000004371 -0.0000134858 -0.0000134193 -0.0000135326 -0.0000133901 0.98418 0.962532 1 0.946572 0.0000023538 0.0000023339 0.0000023795 0.0000023194 0.0000004129 0.0000004508 0.0000003190 0.0000004805 0.0000003436 0.0000003684 0.0000002990 0.0000003973
usf1784_LCC_L1_MS_B.jpg 4 0.0000001903 0.0000002137 0.0000001607 0.0000002176 -0.0000098224 -0.0000097670 -0.0000098542 -0.0000097625 0.976995 0.94769 1 0.939307 0.0000016746 0.0000016585 0.0000016893 0.0000016564 0.0000001909 0.0000002153 0.0000001611 0.0000002186 0.0000001897 0.0000002124 0.0000001604 0.0000002167
usf1785_LMLO_L1_MS_B.jpg 3 0.0000003341 0.0000003656 0.0000003107 0.0000003919 -0.0000145632 -0.0000144883 -0.0000145922 -0.0000144625 0.980899 0.954481 1 0.940452 0.0000025287 0.0000025058 0.0000025404 0.0000024927 0.0000003341 0.0000003657 0.0000003107 0.0000003919 0.0000003340 0.0000003656 0.0000003106 0.0000003918
usf1788_RMLO_L1_MS_B.jpg 4 0.0000001807 0.0000002075 0.0000001643 0.0000001970 -0.0000089221 -0.0000088686 -0.0000089409 -0.0000088786 0.978499 0.945862 1 0.957866 0.0000015017 0.0000014841 0.0000015099 0.0000014894 0.0000001808 0.0000002077 0.0000001645 0.0000001972 0.0000001806 0.0000002074 0.0000001642 0.0000001969
usf1790_LMLO_L1_MS_M.jpg 4 0.0000005075 0.0000005430 0.0000004021 0.0000005640 -0.0000161678 -0.0000160840 -0.0000162422 -0.0000160637 0.979631 0.948052 1 0.933802 0.0000028047 0.0000027794 0.0000028448 0.0000027690 0.0000005718 0.0000006084 0.0000004141 0.0000006310 0.0000004655 0.0000005001 0.0000003938 0.0000005207
usf1792_LCC_L1_MS_B.jpg 4 0.0000013276 0.0000014373 0.0000008533 0.0000013990 -0.0000219278 -0.0000217811 -0.0000220694 -0.0000218180 0.944564 0.903886 1 0.917884 0.0000036796 0.0000036235 0.0000038231 0.0000036430 0.0000017049 0.0000018471 0.0000009466 0.0000018146 0.0000009887 0.0000010707 0.0000007772 0.0000010321
usf1796_RCC_L1_MS_B.jpg 4 0.0000000915 0.0000001005 0.0000000794 0.0000001003 -0.0000058404 -0.0000058133 -0.0000058541 -0.0000058135 0.980061 0.95939 1 0.959884 0.0000009591 0.0000009520 0.0000009652 0.0000009521 0.0000000916 0.0000001006 0.0000000795 0.0000001005 0.0000000914 0.0000001004 0.0000000793 0.0000001001
usf1799_LCC_L1_MS_B.jpg 4 0.0000004586 0.0000004941 0.0000003408 0.0000004841 -0.0000108245 -0.0000107683 -0.0000109054 -0.0000107767 0.939657 0.911806 1 0.917702 0.0000017891 0.0000017687 0.0000018371 0.0000017734 0.0000005047 0.0000005483 0.0000003538 0.0000005374 0.0000004160 0.0000004442 0.0000003288 0.0000004351
usf1805_LCC_L1_MS_B.jpg 4 0.0000001609 0.0000011535 0.0000011276 0.0000011687 -0.0000086760 -0.0000086216 -0.0000086696 -0.0000086118 0.998339 0.970612 1 0.965597 0.0000014549 0.0000014325 0.0000014493 0.0000014272 0.0000001700 0.0000138912 0.0000139015 0.0000139160 0.0000001528 0.0000001733 0.0000001490 0.0000001824
usf1807_RMLO_L1_CL_B.jpg 4 0.0000000423 0.0000006772 0.0000006733 0.0000006783 -0.0000061729 -0.0000061344 -0.0000061585 -0.0000061333 1 0.980202 0.993809 0.978659 0.0000010319 0.0000010203 0.0000010260 0.0000010198 0.0000000424 0.0000093394 0.0000093632 0.0000093404 0.0000000422 0.0000000532 0.0000000473 0.0000000544
usf1808_RMLO_L1_MS_B.jpg 4 0.0000008351 0.0000009515 0.0000006632 0.0000009096 -0.0000229830 -0.0000228135 -0.0000230800 -0.0000228548 0.979673 0.937298 1 0.947667 0.0000040958 0.0000040321 0.0000041572 0.0000040529 0.0000009377 0.0000010736 0.0000006917 0.0000010311 0.0000007398 0.0000008388 0.0000006368 0.0000007974
usf1819_RMLO_L1_CL_M.jpg 4 0.0000002769 0.0000021950 0.0000021289 0.0000021688 -0.0000163459 -0.0000161754 -0.0000162971 -0.0000162000 1 0.939469 0.985808 0.953153 0.0000028758 0.0000028122 0.0000028556 0.0000028251 0.0000002770 0.0000271016 0.0000271141 0.0000270749 0.0000002768 0.0000003630 0.0000002920 0.0000003374
usf1820_LMLO_L1_MS_M.jpg 4 0.0000006570 0.0000006929 0.0000005485 0.0000007509 -0.0000222332 -0.0000221310 -0.0000223349 -0.0000220767 0.968187 0.947001 1 0.917065 0.0000039552 0.0000039263 0.0000040040 0.0000038980 0.0000006770 0.0000007137 0.0000005519 0.0000007735 0.0000006385 0.0000006737 0.0000005453 0.0000007300
usf1821_LMLO_L1_MS_M.jpg 5 0.0000001603 0.0000001668 0.0000001418 0.0000001790 -0.0000078700 -0.0000078395 -0.0000078914 -0.0000078273 0.97346 0.958846 1 0.942524 0.0000012982 0.0000012915 0.0000013075 0.0000012855 0.0000001609 0.0000001678 0.0000001422 0.0000001802 0.0000001599 0.0000001660 0.0000001414 0.0000001781
usf1823_RMLO_L1_MS_M.jpg 4 0.0000006697 0.0000007388 0.0000005032 0.0000007091 -0.0000207914 -0.0000206611 -0.0000209177 -0.0000206891 0.966698 0.927195 1 0.939369 0.0000036794 0.0000036355 0.0000037470 0.0000036495 0.0000007268 0.0000007992 0.0000005132 0.0000007671 0.0000006164 0.0000006825 0.0000004938 0.0000006551
usf1824_LCC_L1_CL_M.jpg 4 0.0000001601 0.0000001766 0.0000001402 0.0000001702 -0.0000077852 -0.0000077462 -0.0000078082 -0.0000077525 0.970917 0.943772 1 0.952178 0.0000012823 0.0000012705 0.0000012922 0.0000012737 0.0000001605 0.0000001771 0.0000001405 0.0000001706 0.0000001599 0.0000001763 0.0000001400 0.0000001699
usf1826_RCC_L1_CL_M.jpg 4 0.0000002704 0.0000003003 0.0000002430 0.0000003127 -0.0000119027 -0.0000118359 -0.0000119324 -0.0000118237 0.976183 0.942981 1 0.933947 0.0000020211 0.0000020006 0.0000020348 0.0000019944 0.0000002706 0.0000003006 0.0000002432 0.0000003131 0.0000002703 0.0000003001 0.0000002429 0.0000003124
usf1826_RMLO_L1_CL_M.jpg 4 0.0000005885 0.0000006448 0.0000004757 0.0000006448 -0.0000206834 -0.0000205662 -0.0000207925 -0.0000205664 0.959219 0.927874 1 0.924297 0.0000036854 0.0000036476 0.0000037381 0.0000036475 0.0000006042 0.0000006627 0.0000004801 0.0000006622 0.0000005745 0.0000006289 0.0000004722 0.0000006293
usf1829_RCC_L1_CL_B.jpg 4 0.0000008488 0.0000009475 0.0000006238 0.0000008820 -0.0000244081 -0.0000242469 -0.0000245691 -0.0000243080 0.956813 0.917283 1 0.938738 0.0000043627 0.0000043049 0.0000044542 0.0000043361 0.0000009316 0.0000010430 0.0000006435 0.0000009723 0.0000007716 0.0000008590 0.0000006053 0.0000007979
usf1833_LMLO_L1_MS_B.jpg 3 0.0000002997 0.0000003142 0.0000002453 0.0000003251 -0.0000098563 -0.0000098155 -0.0000099104 -0.0000098054 0.957346 0.939691 1 0.930122 0.0000016537 0.0000016419 0.0000016793 0.0000016365 0.0000003056 0.0000003205 0.0000002464 0.0000003315 0.0000002942 0.0000003082 0.0000002443 0.0000003192
usf1834_LCC_L1_MS_B.jpg 4 0.0000016623 0.0000017725 0.0000011159 0.0000017851 -0.0000298729 -0.0000297203 -0.0000301860 -0.0000297104 0.895417 0.868164 1 0.864475 0.0000051550 0.0000050995 0.0000053542 0.0000050940 0.0000019601 0.0000021157 0.0000011901 0.0000021310 0.0000013854 0.0000014537 0.0000010467 0.0000014642
usf1838_LMLO_L1_MS_B.jpg 3 0.0000001881 0.0000001994 0.0000001686 0.0000002174 -0.0000105749 -0.0000105306 -0.0000105983 -0.0000105105 0.980009 0.962929 1 0.943853 0.0000017951 0.0000017846 0.0000018049 0.0000017756 0.0000001886 0.0000002001 0.0000001692 0.0000002178 0.0000001879 0.0000001990 0.0000001683 0.0000002171
usf1841_LCC_L1_CL_B.jpg 4 0.0000012019 0.0000012289 0.0000007567 0.0000013286 -0.0000204587 -0.0000204013 -0.0000206311 -0.0000203073 0.925841 0.916368 1 0.878318 0.0000034273 0.0000034130 0.0000035754 0.0000033672 0.0000014874 0.0000015434 0.0000008175 0.0000016557 0.0000009357 0.0000009362 0.0000006997 0.0000010244
usf1843_RCC_L1_MS_B.jpg 2 0.0000002766 0.0000017207 0.0000016762 0.0000017379 -0.0000123229 -0.0000122417 -0.0000123297 -0.0000122248 0.97577 0.953786 1 0.93859 0.0000021180 0.0000020894 0.0000021196 0.0000020808 0.0000002795 0.0000205512 0.0000205659 0.0000205672 0.0000002747 0.0000002976 0.0000002488 0.0000003146
usf1844_LMLO_L1_CL_B.jpg 4 0.0000002078 0.0000002229 0.0000001919 0.0000002354 -0.0000093104 -0.0000092684 -0.0000093286 -0.0000092569 0.981968 0.962258 1 0.946921 0.0000015628 0.0000015510 0.0000015708 0.0000015447 0.0000002080 0.0000002234 0.0000001922 0.0000002357 0.0000002076 0.0000002225 0.0000001917 0.0000002351
usf1846_LMLO_L1_MS_B.jpg 4 0.0000001552 0.0000001716 0.0000001399 0.0000001707 -0.0000069740 -0.0000069394 -0.0000069914 -0.0000069399 0.978638 0.958188 1 0.95484 0.0000011550 0.0000011437 0.0000011623 0.0000011440 0.0000001572 0.0000001741 0.0000001410 0.0000001731 0.0000001537 0.0000001698 0.0000001392 0.0000001692
usf1847_RCC_L1_MS_B.jpg 4 0.0000003924 0.0000004307 0.0000003510 0.0000004441 -0.0000165522 -0.0000164660 -0.0000166023 -0.0000164504 0.979095 0.94928 1 0.940368 0.0000029029 0.0000028765 0.0000029239 0.0000028693 0.0000003953 0.0000004383 0.0000003564 0.0000004484 0.0000003903 0.0000004268 0.0000003484 0.0000004413
usf1847_RMLO_L1_MS_B.jpg 4 0.0000003379 0.0000003887 0.0000003047 0.0000003615 -0.0000155641 -0.0000154642 -0.0000156050 -0.0000154930 0.979465 0.938151 1 0.958221 0.0000027091 0.0000026761 0.0000027256 0.0000026898 0.0000003392 0.0000003902 0.0000003059 0.0000003633 0.0000003371 0.0000003879 0.0000003040 0.0000003604
usf1848_LCC_L1_MS_M.jpg 4 0.0000001509 0.0000001555 0.0000001168 0.0000001567 -0.0000052018 -0.0000051837 -0.0000052299 -0.0000051830 0.935176 0.922564 1 0.920698 0.0000008051 0.0000008006 0.0000008222 0.0000008000 0.0000001509 0.0000001556 0.0000001169 0.0000001568 0.0000001508 0.0000001554 0.0000001167 0.0000001565
usf1848_LMLO_L1_MS_M.jpg 4 0.0000001313 0.0000001331 0.0000001099 0.0000001431 -0.0000054734 -0.0000054561 -0.0000054960 -0.0000054477 0.966139 0.958272 1 0.943259 0.0000008778 0.0000008745 0.0000008885 0.0000008695 0.0000001317 0.0000001337 0.0000001102 0.0000001438 0.0000001310 0.0000001327 0.0000001096 0.0000001426
usf1849_LMLO_L1_MS_M.jpg 4 0.0000003092 0.0000003234 0.0000002438 0.0000003335 -0.0000102773 -0.0000102351 -0.0000103370 -0.0000102278 0.964816 0.948207 1 0.937952 0.0000017315 0.0000017196 0.0000017605 0.0000017150 0.0000003249 0.0000003392 0.0000002478 0.0000003507 0.0000002954 0.0000003095 0.0000002406 0.0000003183
usf1850_RCC_L1_CL_M.jpg 5 0.0000002393 0.0000002651 0.0000002157 0.0000002535 -0.0000067007 -0.0000066660 -0.0000067189 -0.0000066738 0.963124 0.925385 1 0.941177 0.0000010335 0.0000010191 0.0000010443 0.0000010253 0.0000002499 0.0000002842 0.0000002216 0.0000002760 0.0000002331 0.0000002554 0.0000002120 0.0000002430
usf1854_LMLO_L1_CL_B.jpg 4 0.0000001482 0.0000001574 0.0000001256 0.0000001624 -0.0000079352 -0.0000079018 -0.0000079611 -0.0000078963 0.970815 0.952743 1 0.945805 0.0000013172 0.0000013090 0.0000013284 0.0000013065 0.0000001486 0.0000001580 0.0000001259 0.0000001630 0.0000001478 0.0000001569 0.0000001253 0.0000001620
usf1859_RMLO_L1_CL_B.jpg 4 0.0000001758 0.0000002051 0.0000001560 0.0000001861 -0.0000083866 -0.0000083329 -0.0000084100 -0.0000083517 0.972549 0.930841 1 0.954279 0.0000013916 0.0000013731 0.0000014015 0.0000013826 0.0000001759 0.0000002052 0.0000001561 0.0000001862 0.0000001758 0.0000002050 0.0000001560 0.0000001861
usf1861_RMLO_L1_CL_B.jpg 4 0.0000001380 0.0000001622 0.0000001196 0.0000001410 -0.0000065336 -0.0000064919 -0.0000065529 -0.0000065112 0.969462 0.926201 1 0.958879 0.0000010567 0.0000010417 0.0000010659 0.0000010523 0.0000001381 0.0000001624 0.0000001198 0.0000001412 0.0000001379 0.0000001621 0.0000001195 0.0000001409
usf1863_RMLO_L1_MS_B.jpg 4 0.0000001494 0.0000001594 0.0000001306 0.0000001596 -0.0000058842 -0.0000058595 -0.0000059011 -0.0000058593 0.964324 0.940399 1 0.94014 0.0000009205 0.0000009129 0.0000009299 0.0000009128 0.0000001496 0.0000001596 0.0000001307 0.0000001598 0.0000001493 0.0000001593 0.0000001305 0.0000001595
usf1866_LCC_L1_CL_B.jpg 4 0.0000000819 0.0000007414 0.0000007302 0.0000007533 -0.0000062359 -0.0000062011 -0.0000062315 -0.0000061923 0.988929 0.972644 1 0.95614 0.0000010237 0.0000010138 0.0000010233 0.0000010081 0.0000000819 0.0000095645 0.0000095823 0.0000095780 0.0000000818 0.0000000868 0.0000000732 0.0000000980
usf1867_RMLO_L1_CL_B.jpg 4 0.0000001288 0.0000011323 0.0000011093 0.0000011338 -0.0000091266 -0.0000090643 -0.0000091160 -0.0000090626 0.999635 0.975155 1 0.975616 0.0000015651 0.0000015434 0.0000015607 0.0000015426 0.0000001289 0.0000145695 0.0000145892 0.0000145706 0.0000001288 0.0000001505 0.0000001245 0.0000001522
usf1870_LCC_L1_CL_B.jpg 4 0.0000000628 0.0000000672 0.0000000556 0.0000000690 -0.0000039993 -0.0000039837 -0.0000040074 -0.0000039822 0.983525 0.970393 1 0.967234 0.0000006352 0.0000006312 0.0000006388 0.0000006304 0.0000000629 0.0000000673 0.0000000557 0.0000000691 0.0000000628 0.0000000672 0.0000000556 0.0000000688
usf1870_LMLO_L1_CL_B.jpg 4 0.0000001281 0.0000001337 0.0000001093 0.0000001444 -0.0000066935 -0.0000066678 -0.0000067143 -0.0000066575 0.969833 0.955991 1 0.939349 0.0000010920 0.0000010862 0.0000011014 0.0000010809 0.0000001282 0.0000001338 0.0000001093 0.0000001446 0.0000001280 0.0000001336 0.0000001092 0.0000001442
usf1873_LCC_L1_CL_M.jpg 4 0.0000002032 0.0000002213 0.0000001713 0.0000002277 -0.0000082381 -0.0000081969 -0.0000082725 -0.0000081912 0.958463 0.931624 1 0.922982 0.0000013536 0.0000013408 0.0000013696 0.0000013376 0.0000002033 0.0000002214 0.0000001713 0.0000002278 0.0000002032 0.0000002212 0.0000001713 0.0000002276
usf1873_LMLO_L1_CL_M.jpg 4 0.0000003301 0.0000003784 0.0000002817 0.0000003732 -0.0000124372 -0.0000123540 -0.0000124773 -0.0000123579 0.977133 0.935426 1 0.929296 0.0000021306 0.0000021009 0.0000021515 0.0000021031 0.0000003422 0.0000003915 0.0000002837 0.0000003853 0.0000003189 0.0000003662 0.0000002798 0.0000003619
usf1876_LCC_L1_MS_B.jpg 4 0.0000000777 0.0000000797 0.0000000677 0.0000000846 -0.0000050272 -0.0000050108 -0.0000050376 -0.0000050055 0.988486 0.980142 1 0.973354 0.0000008277 0.0000008244 0.0000008327 0.0000008220 0.0000000780 0.0000000803 0.0000000683 0.0000000853 0.0000000775 0.0000000794 0.0000000674 0.0000000843
usf1878_LCC_L1_MS_B.jpg 4 0.0000002834 0.0000021846 0.0000021284 0.0000021960 -0.0000160033 -0.0000158828 -0.0000159953 -0.0000158712 1 0.964034 0.997001 0.959995 0.0000028530 0.0000028124 0.0000028500 0.0000028070 0.0000002915 0.0000270814 0.0000271012 0.0000270935 0.0000002772 0.0000003148 0.0000002561 0.0000003255
usf1879_RMLO_L1_MS_B.jpg 4 0.0000003806 0.0000004173 0.0000003408 0.0000004085 -0.0000174875 -0.0000173978 -0.0000175368 -0.0000174068 0.979409 0.954493 1 0.95865 0.0000030888 0.0000030619 0.0000031087 0.0000030664 0.0000003809 0.0000004176 0.0000003411 0.0000004090 0.0000003803 0.0000004170 0.0000003406 0.0000004081
usf1881_RMLO_L1_MS_B.jpg 4 0.0000001879 0.0000002094 0.0000001646 0.0000002054 -0.0000094196 -0.0000093710 -0.0000094486 -0.0000093739 0.971395 0.947205 1 0.947896 0.0000015872 0.0000015729 0.0000015987 0.0000015743 0.0000001912 0.0000002159 0.0000001672 0.0000002099 0.0000001858 0.0000002050 0.0000001629 0.0000002025
usf1882_LMLO_L1_MS_B.jpg 3 0.0000001273 0.0000001334 0.0000001139 0.0000001404 -0.0000062633 -0.0000062399 -0.0000062771 -0.0000062327 0.979522 0.962497 1 0.955402 0.0000010235 0.0000010176 0.0000010302 0.0000010141 0.0000001274 0.0000001335 0.0000001140 0.0000001405 0.0000001273 0.0000001334 0.0000001139 0.0000001403
usf1885_LMLO_L1_CL_B.jpg 4 0.0000002350 0.0000002447 0.0000002011 0.0000002779 -0.0000106748 -0.0000106329 -0.0000107149 -0.0000105997 0.96364 0.948851 1 0.917102 0.0000018033 0.0000017935 0.0000018202 0.0000017769 0.0000002355 0.0000002453 0.0000002016 0.0000002785 0.0000002346 0.0000002443 0.0000002008 0.0000002775
usf1888_LMLO_L1_CL_B.jpg 4 0.0000007315 0.0000007718 0.0000005579 0.0000008199 -0.0000211910 -0.0000210935 -0.0000213032 -0.0000210487 0.962593 0.94218 1 0.92751 0.0000037482 0.0000037205 0.0000038131 0.0000036978 0.0000008194 0.0000008693 0.0000005798 0.0000009220 0.0000006497 0.0000006812 0.0000005373 0.0000007254
usf1891_RMLO_L1_CL_B.jpg 4 0.0000001192 0.0000001328 0.0000001058 0.0000001285 -0.0000058585 -0.0000058288 -0.0000058735 -0.0000058330 0.983347 0.961457 1 0.965319 0.0000009669 0.0000009575 0.0000009735 0.0000009597 0.0000001199 0.0000001337 0.0000001061 0.0000001294 0.0000001186 0.0000001320 0.0000001056 0.0000001277
usf1893_LCC_L1_MS_M.jpg 4 0.0000001319 0.0000004760 0.0000004487 0.0000004779 -0.0000069914 -0.0000069501 -0.0000069978 -0.0000069479 0.982132 0.960218 1 0.958074 0.0000011658 0.0000011528 0.0000011693 0.0000011518 0.0000001408 0.0000035504 0.0000035241 0.0000035444 0.0000001284 0.0000001417 0.0000001153 0.0000001435
usf1898_RCC_L1_CL_M.jpg 4 0.0000002080 0.0000002567 0.0000002127 0.0000002572 -0.0000112972 -0.0000112222 -0.0000113051 -0.0000112210 0.984475 0.952731 1 0.954436 0.0000019514 0.0000019273 0.0000019543 0.0000019269 0.0000002090 0.0000002765 0.0000002312 0.0000002763 0.0000002072 0.0000002405 0.0000001974 0.0000002414
usf1899_LCC_L1_MS_M.jpg 5 0.0000001260 0.0000010042 0.0000009801 0.0000010018 -0.0000076806 -0.0000076239 -0.0000076752 -0.0000076263 0.987455 0.964025 1 0.969499 0.0000013116 0.0000012916 0.0000013086 0.0000012929 0.0000001261 0.0000124601 0.0000124731 0.0000124587 0.0000001259 0.0000001460 0.0000001191 0.0000001433
usf1903_LCC_L1_CL_M.jpg 4 0.0000008150 0.0000008527 0.0000005574 0.0000008684 -0.0000175218 -0.0000174419 -0.0000176552 -0.0000174284 0.951204 0.929994 1 0.922455 0.0000029852 0.0000029608 0.0000030759 0.0000029535 0.0000009603 0.0000010078 0.0000005877 0.0000010250 0.0000006795 0.0000007083 0.0000005290 0.0000007226
usf1904_RMLO_L1_MS_M.jpg 4 0.0000003915 0.0000004193 0.0000002931 0.0000004053 -0.0000116859 -0.0000116282 -0.0000117612 -0.0000116417 0.963483 0.937542 1 0.947938 0.0000019829 0.0000019643 0.0000020233 0.0000019712 0.0000004284 0.0000004599 0.0000003025 0.0000004466 0.0000003600 0.0000003852 0.0000002860 0.0000003715
usf1911_RCC_L1_MS_B.jpg 3 0.0000000553 0.0000000607 0.0000000486 0.0000000591 -0.0000036850 -0.0000036699 -0.0000036916 -0.0000036713 0.985395 0.96892 1 0.972211 0.0000005806 0.0000005762 0.0000005839 0.0000005771 0.0000000553 0.0000000608 0.0000000486 0.0000000591 0.0000000553 0.0000000607 0.0000000486 0.0000000591
usf1912_RCC_L1_MS_B.jpg 3 0.0000001770 0.0000016094 0.0000015701 0.0000015827 -0.0000123054 -0.0000121804 -0.0000122595 -0.0000122057 1 0.948619 0.985348 0.967609 0.0000021262 0.0000020828 0.0000021104 0.0000020964 0.0000001773 0.0000199891 0.0000200092 0.0000199647 0.0000001767 0.0000002271 0.0000001835 0.0000001999
usf1922_RCC_L1_MS_B.jpg 3 0.0000001198 0.0000001331 0.0000001106 0.0000001318 -0.0000061144 -0.0000060831 -0.0000061248 -0.0000060843 0.985825 0.960934 1 0.962451 0.0000009990 0.0000009896 0.0000010036 0.0000009902 0.0000001202 0.0000001337 0.0000001109 0.0000001324 0.0000001195 0.0000001327 0.0000001104 0.0000001315
usf1922_RMLO_L1_MS_B.jpg 3 0.0000003603 0.0000004001 0.0000003046 0.0000003822 -0.0000136730 -0.0000135934 -0.0000137278 -0.0000136131 0.97335 0.933123 1 0.952702 0.0000023539 0.0000023275 0.0000023803 0.0000023378 0.0000003782 0.0000004167 0.0000003147 0.0000004125 0.0000003527 0.0000003922 0.0000003006 0.0000003712
usf1924_RMLO_L1_CL_B.jpg 4 0.0000003452 0.0000003891 0.0000003081 0.0000003769 -0.0000152947 -0.0000152035 -0.0000153378 -0.0000152160 0.97393 0.937757 1 0.946207 0.0000026470 0.0000026177 0.0000026655 0.0000026238 0.0000003454 0.0000003894 0.0000003083 0.0000003771 0.0000003450 0.0000003889 0.0000003080 0.0000003767
usf1925_RMLO_L1_CL_B.jpg 4 0.0000001426 0.0000001668 0.0000001315 0.0000001519 -0.0000059535 -0.0000059172 -0.0000059640 -0.0000059283 0.978722 0.93146 1 0.956059 0.0000009383 0.0000009236 0.0000009438 0.0000009311 0.0000001428 0.0000001670 0.0000001317 0.0000001521 0.0000001425 0.0000001666 0.0000001314 0.0000001517
usf1929_LCC_L1_CL_M.jpg 4 0.0000003320 0.0000024645 0.0000023857 0.0000024449 -0.0000177017 -0.0000175312 -0.0000176760 -0.0000175535 1 0.948101 0.99755 0.960135 0.0000031669 0.0000031031 0.0000031547 0.0000031138 0.0000003333 0.0000300935 0.0000301061 0.0000300806 0.0000003310 0.0000004109 0.0000003250 0.0000003893
usf1929_LMLO_L1_CL_M.jpg 4 0.0000001926 0.0000017038 0.0000016762 0.0000017165 -0.0000129134 -0.0000128035 -0.0000128803 -0.0000127930 1 0.958521 0.993816 0.95051 0.0000022508 0.0000022162 0.0000022393 0.0000022115 0.0000001930 0.0000213036 0.0000213459 0.0000213303 0.0000001922 0.0000002268 0.0000001928 0.0000002359
usf1930_LMLO_L1_CL_M.jpg 4 0.0000003463 0.0000003696 0.0000003001 0.0000003758 -0.0000151031 -0.0000150339 -0.0000151572 -0.0000150269 0.967301 0.94625 1 0.941085 0.0000026117 0.0000025928 0.0000026347 0.0000025896 0.0000003466 0.0000003703 0.0000003003 0.0000003763 0.0000003460 0.0000003690 0.0000002999 0.0000003755
usf1934_LCC_L1_CL_B.jpg 3 0.0000000475 0.0000000512 0.0000000414 0.0000000514 -0.0000035716 -0.0000035581 -0.0000035778 -0.0000035579 0.986091 0.973061 1 0.972547 0.0000005617 0.0000005584 0.0000005647 0.0000005583 0.0000000477 0.0000000516 0.0000000415 0.0000000517 0.0000000473 0.0000000509 0.0000000414 0.0000000512
usf1935_RMLO_L1_CL_B.jpg 4 0.0000004758 0.0000004985 0.0000003397 0.0000005028 -0.0000147326 -0.0000146653 -0.0000148255 -0.0000146622 0.965018 0.939593 1 0.942581 0.0000025504 0.0000025321 0.0000026026 0.0000025303 0.0000005329 0.0000005567 0.0000003491 0.0000005622 0.0000004225 0.0000004444 0.0000003309 0.0000004478
usf1940_LMLO_L1_MS_B.jpg 3 0.0000001129 0.0000001222 0.0000001057 0.0000001248 -0.0000053460 -0.0000053225 -0.0000053533 -0.0000053204 0.984936 0.962251 1 0.957616 0.0000008452 0.0000008382 0.0000008488 0.0000008369 0.0000001129 0.0000001222 0.0000001057 0.0000001248 0.0000001129 0.0000001222 0.0000001057 0.0000001248
usf1942_LMLO_L1_MS_B.jpg 4 0.0000003327 0.0000003350 0.0000002470 0.0000003645 -0.0000113632 -0.0000113280 -0.0000114409 -0.0000112994 0.956839 0.950122 1 0.921439 0.0000019316 0.0000019251 0.0000019695 0.0000019103 0.0000003505 0.0000003533 0.0000002501 0.0000003827 0.0000003160 0.0000003180 0.0000002442 0.0000003476
usf1943_RCC_L1_MS_B.jpg 4 0.0000001531 0.0000011565 0.0000011293 0.0000011532 -0.0000092681 -0.0000092010 -0.0000092604 -0.0000092042 0.985872 0.954046 1 0.957797 0.0000015648 0.0000015413 0.0000015606 0.0000015429 0.0000001537 0.0000146628 0.0000146785 0.0000146594 0.0000001527 0.0000001795 0.0000001495 0.0000001764
usf1944_RCC_L1_CL_B.jpg 4 0.0000002509 0.0000002941 0.0000002354 0.0000002815 -0.0000127817 -0.0000126964 -0.0000127995 -0.0000127095 0.987842 0.946653 1 0.957073 0.0000021954 0.0000021678 0.0000022032 0.0000021741 0.0000002510 0.0000002944 0.0000002355 0.0000002817 0.0000002508 0.0000002939 0.0000002353 0.0000002813
usf1945_LCC_L1_CL_B.jpg 4 0.0000001430 0.0000001623 0.0000001297 0.0000001586 -0.0000078602 -0.0000078172 -0.0000078771 -0.0000078210 0.980035 0.949796 1 0.954769 0.0000013085 0.0000012953 0.0000013152 0.0000012971 0.0000001435 0.0000001628 0.0000001301 0.0000001592 0.0000001428 0.0000001620 0.0000001295 0.0000001583
usf1945_LMLO_L1_CL_B.jpg 4 0.0000001960 0.0000002045 0.0000001616 0.0000002316 -0.0000092001 -0.0000091643 -0.0000092392 -0.0000091374 0.960957 0.948262 1 0.919391 0.0000015501 0.0000015415 0.0000015673 0.0000015280 0.0000001961 0.0000002046 0.0000001616 0.0000002318 0.0000001960 0.0000002045 0.0000001616 0.0000002314
usf1948_LCC_L1_MS_B.jpg 4 0.0000000991 0.0000001100 0.0000000917 0.0000001106 -0.0000066826 -0.0000066517 -0.0000066927 -0.0000066512 0.992545 0.976639 1 0.97653 0.0000011291 0.0000011206 0.0000011328 0.0000011203 0.0000000992 0.0000001102 0.0000000918 0.0000001108 0.0000000990 0.0000001099 0.0000000916 0.0000001105
usf1950_RCC_L1_MS_B.jpg 5 0.0000001858 0.0000002048 0.0000001645 0.0000001988 -0.0000076300 -0.0000075894 -0.0000076526 -0.0000075948 0.971469 0.941975 1 0.949599 0.0000012599 0.0000012468 0.0000012704 0.0000012499 0.0000001868 0.0000002058 0.0000001652 0.0000001999 0.0000001851 0.0000002041 0.0000001641 0.0000001980
usf1953_RMLO_L1_CL_B.jpg 4 0.0000002553 0.0000003098 0.0000002434 0.0000002886 -0.0000112004 -0.0000111145 -0.0000112154 -0.0000111363 0.987065 0.940054 1 0.965469 0.0000019353 0.0000019029 0.0000019407 0.0000019138 0.0000002585 0.0000003137 0.0000002450 0.0000002936 0.0000002528 0.0000003066 0.0000002424 0.0000002844
usf1954_LCC_L1_CL_B.jpg 4 0.0000001655 0.0000001784 0.0000001490 0.0000001892 -0.0000106057 -0.0000105595 -0.0000106276 -0.0000105469 0.987629 0.969801 1 0.963179 0.0000018452 0.0000018337 0.0000018534 0.0000018284 0.0000001656 0.0000001786 0.0000001491 0.0000001894 0.0000001654 0.0000001783 0.0000001490 0.0000001890
usf1982_LCC_L1_MS_B.jpg 4 0.0000008774 0.0000009491 0.0000006013 0.0000009376 -0.0000182078 -0.0000180974 -0.0000183360 -0.0000181096 0.962016 0.930546 1 0.936955 0.0000031451 0.0000031065 0.0000032377 0.0000031125 0.0000010638 0.0000011585 0.0000006490 0.0000011478 0.0000007113 0.0000007651 0.0000005626 0.0000007529
usf1982_LMLO_L1_MS_B.jpg 4 0.0000013130 0.0000013833 0.0000008557 0.0000014012 -0.0000226561 -0.0000225445 -0.0000228813 -0.0000225257 0.91954 0.894902 1 0.8821 0.0000038314 0.0000037939 0.0000039883 0.0000037841 0.0000015908 0.0000016911 0.0000009164 0.0000017059 0.0000010578 0.0000011028 0.0000008019 0.0000011232
usf1983_LMLO_L1_CL_M.jpg 4 0.0000002516 0.0000002614 0.0000002243 0.0000003076 -0.0000122840 -0.0000122362 -0.0000123154 -0.0000121891 0.975886 0.961928 1 0.922324 0.0000020950 0.0000020843 0.0000021087 0.0000020612 0.0000002517 0.0000002616 0.0000002243 0.0000003077 0.0000002515 0.0000002613 0.0000002242 0.0000003075
usf1986_RMLO_L1_MS_M.jpg 4 0.0000000907 0.0000001054 0.0000000823 0.0000000991 -0.0000069211 -0.0000068842 -0.0000069329 -0.0000068914 0.986958 0.963916 1 0.970011 0.0000011596 0.0000011491 0.0000011638 0.0000011523 0.0000000909 0.0000001056 0.0000000825 0.0000000994 0.0000000905 0.0000001052 0.0000000821 0.0000000989
usf1987_RCC_L1_MS_M.jpg 4 0.0000001677 0.0000011218 0.0000010929 0.0000011201 -0.0000084383 -0.0000083781 -0.0000084336 -0.0000083789 0.9807 0.953449 1 0.95433 0.0000014184 0.0000013955 0.0000014148 0.0000013959 0.0000001702 0.0000135834 0.0000135917 0.0000135787 0.0000001660 0.0000001893 0.0000001586 0.0000001885
usf1999_RMLO_L1_MS_M.jpg 5 0.0000005343 0.0000005810 0.0000003967 0.0000005647 -0.0000163111 -0.0000162187 -0.0000164188 -0.0000162348 0.9602 0.928024 1 0.938897 0.0000028544 0.0000028246 0.0000029105 0.0000028326 0.0000005863 0.0000006380 0.0000004098 0.0000006218 0.0000004888 0.0000005309 0.0000003866 0.0000005149
usf3002_LCC_L1_MS_B.jpg 3 0.0000002631 0.0000003067 0.0000002785 0.0000003076 -0.0000128908 -0.0000128040 -0.0000128772 -0.0000128036 0.998833 0.976046 1 0.977245 0.0000023039 0.0000022751 0.0000022961 0.0000022747 0.0000002896 0.0000003351 0.0000003029 0.0000003342 0.0000002590 0.0000003019 0.0000002746 0.0000003028
usf3002_LCC_L2_CL_M.jpg 3 0.0000000914 0.0000005880 0.0000005742 0.0000005825 -0.0000096544 -0.0000095936 -0.0000096415 -0.0000095992 1 0.981627 0.99603 0.984456 0.0000016747 0.0000016577 0.0000016705 0.0000016605 0.0000000916 0.0000048034 0.0000048019 0.0000047979 0.0000000913 0.0000001056 0.0000000903 0.0000001001
usf3002_LMLO_L2_CL_M.jpg 3 0.0000007762 0.0000020245 0.0000018452 0.0000019514 -0.0000313917 -0.0000311368 -0.0000314260 -0.0000312066 0.987025 0.943399 1 0.963465 0.0000058095 0.0000057255 0.0000058349 0.0000057614 0.0000007950 0.0000100992 0.0000099369 0.0000100145 0.0000007708 0.0000008692 0.0000006874 0.0000007974
usf3003_RMLO_L1_CL_M.jpg 5 0.0000005676 0.0000040736 0.0000039920 0.0000040337 -0.0000251067 -0.0000248420 -0.0000250190 -0.0000248790 1 0.948808 0.989366 0.956304 0.0000046224 0.0000045162 0.0000045768 0.0000045353 0.0000005722 0.0000504819 0.0000505676 0.0000504389 0.0000005652 0.0000007079 0.0000006167 0.0000006705
usf3005_LMLO_L2_CL_M.jpg 4 0.0000004894 0.0000005693 0.0000004860 0.0000005319 -0.0000153508 -0.0000152331 -0.0000153587 -0.0000152633 0.993454 0.940115 1 0.958531 0.0000026230 0.0000025750 0.0000026247 0.0000025932 0.0000004899 0.0000005717 0.0000004868 0.0000005326 0.0000004890 0.0000005672 0.0000004855 0.0000005313
usf3005_LMLO_L3_CL_M.jpg 4 0.0000005406 0.0000006388 0.0000005476 0.0000005965 -0.0000193871 -0.0000192345 -0.0000193821 -0.0000192687 0.995364 0.952165 1 0.965829 0.0000034500 0.0000033909 0.0000034466 0.0000034112 0.0000005519 0.0000006543 0.0000005587 0.0000006098 0.0000005379 0.0000006328 0.0000005445 0.0000005930
usf3007_LCC_L1_CL_M.jpg 4 0.0000008084 0.0000008940 0.0000007550 0.0000008576 -0.0000265875 -0.0000264152 -0.0000266428 -0.0000264501 0.979924 0.940385 1 0.953382 0.0000047971 0.0000047389 0.0000048237 0.0000047570 0.0000008129 0.0000008992 0.0000007591 0.0000008627 0.0000008061 0.0000008911 0.0000007530 0.0000008550
usf3007_LMLO_L1_CL_M.jpg 4 0.0000010278 0.0000011596 0.0000009851 0.0000010884 -0.0000368076 -0.0000365511 -0.0000368507 -0.0000366183 0.989954 0.947343 1 0.965255 0.0000068131 0.0000067255 0.0000068343 0.0000067608 0.0000010328 0.0000011655 0.0000009898 0.0000010934 0.0000010254 0.0000011565 0.0000009829 0.0000010859
usf3009_RMLO_L1_CL_M.jpg 4 0.0000003391 0.0000024564 0.0000024612 0.0000025355 -0.0000155500 -0.0000154417 -0.0000154970 -0.0000153744 1 0.983167 0.990884 0.93925 0.0000027148 0.0000026833 0.0000026931 0.0000026441 0.0000003426 0.0000301542 0.0000302593 0.0000302324 0.0000003371 0.0000003453 0.0000003428 0.0000004232
usf3010_RCC_L2_MS_M.jpg 4 0.0000001335 0.0000001431 0.0000001267 0.0000001404 -0.0000052343 -0.0000052087 -0.0000052384 -0.0000052109 0.992897 0.972248 1 0.976132 0.0000008372 0.0000008297 0.0000008396 0.0000008311 0.0000003048 0.0000003144 0.0000002829 0.0000003117 0.0000001132 0.0000001228 0.0000001086 0.0000001201
usf3012_RMLO_L1_MS_M.jpg 4 0.0000005492 0.0000005904 0.0000005283 0.0000006256 -0.0000203179 -0.0000202091 -0.0000203418 -0.0000201754 0.988217 0.961855 1 0.942624 0.0000035779 0.0000035460 0.0000035884 0.0000035283 0.0000005555 0.0000005980 0.0000005350 0.0000006325 0.0000005466 0.0000005874 0.0000005256 0.0000006227
usf3013_RCC_L2_MS_M.jpg 5 0.0000001665 0.0000013105 0.0000012938 0.0000013205 -0.0000121604 -0.0000120875 -0.0000121511 -0.0000120773 0.999693 0.976497 1 0.96861 0.0000021211 0.0000021016 0.0000021183 0.0000020967 0.0000001677 0.0000149646 0.0000150009 0.0000149792 0.0000001653 0.0000001787 0.0000001586 0.0000001885
usf3016_RCC_L1_MS_M.jpg 4 0.0000003773 0.0000030628 0.0000030416 0.0000030996 -0.0000193082 -0.0000191458 -0.0000192395 -0.0000191103 1 0.973418 0.98936 0.967201 0.0000035410 0.0000034900 0.0000035166 0.0000034719 0.0000003887 0.0000385565 0.0000386655 0.0000385939 0.0000003743 0.0000004086 0.0000003776 0.0000004447
usf3016_RMLO_L1_MS_M.jpg 4 0.0000004888 0.0000021782 0.0000021299 0.0000022092 -0.0000178443 -0.0000177083 -0.0000178181 -0.0000176837 0.997254 0.960464 1 0.942804 0.0000030984 0.0000030525 0.0000030897 0.0000030379 0.0000004907 0.0000211173 0.0000211496 0.0000211827 0.0000004879 0.0000005317 0.0000004773 0.0000005610
usf3018_LMLO_L1_MS_M.jpg 4 0.0000001608 0.0000001772 0.0000001561 0.0000001684 -0.0000061348 -0.0000061022 -0.0000061393 -0.0000061087 0.992335 0.964006 1 0.975484 0.0000009761 0.0000009648 0.0000009785 0.0000009692 0.0000001613 0.0000001778 0.0000001565 0.0000001690 0.0000001607 0.0000001770 0.0000001559 0.0000001682
usf3021_LCC_L2_MS_M.jpg 3 0.0000003024 0.0000003304 0.0000002850 0.0000003324 -0.0000109596 -0.0000108966 -0.0000109752 -0.0000108949 0.983536 0.951822 1 0.950247 0.0000018292 0.0000018092 0.0000018379 0.0000018082 0.0000003024 0.0000003304 0.0000002850 0.0000003325 0.0000003024 0.0000003303 0.0000002850 0.0000003324
usf3022_RMLO_L1_MS_M.jpg 5 0.0000000979 0.0000001034 0.0000000923 0.0000001040 -0.0000047238 -0.0000047041 -0.0000047290 -0.0000047035 0.990599 0.977288 1 0.976407 0.0000007533 0.0000007482 0.0000007561 0.0000007479 0.0000001006 0.0000001063 0.0000000946 0.0000001069 0.0000000967 0.0000001021 0.0000000911 0.0000001026
usf3024_RCC_L1_MS_B.jpg 3 0.0000002686 0.0000003101 0.0000002912 0.0000003385 -0.0000145576 -0.0000144651 -0.0000145350 -0.0000144402 0.999907 0.976707 1 0.971192 0.0000026098 0.0000025809 0.0000025987 0.0000025675 0.0000002689 0.0000003109 0.0000002920 0.0000003416 0.0000002684 0.0000003094 0.0000002904 0.0000003356
usf3025_RCC_L2_MS_M.jpg 5 0.0000004763 0.0000006062 0.0000005616 0.0000006479 -0.0000178059 -0.0000176767 -0.0000177838 -0.0000176452 0.987589 0.96297 1 0.953946 0.0000031642 0.0000031231 0.0000031547 0.0000031042 0.0000004801 0.0000007641 0.0000007174 0.0000008122 0.0000004733 0.0000005186 0.0000004764 0.0000005549
usf3025_RMLO_L2_CL_M.jpg 5 0.0000005250 0.0000036103 0.0000035497 0.0000036237 -0.0000225491 -0.0000223746 -0.0000225170 -0.0000223602 1 0.9694 0.996977 0.964058 0.0000040766 0.0000040184 0.0000040644 0.0000040102 0.0000005292 0.0000448422 0.0000449208 0.0000448457 0.0000005212 0.0000005700 0.0000005053 0.0000005866
usf3026_RCC_L3_CL_M.jpg 4 0.0000002002 0.0000002241 0.0000001932 0.0000002198 -0.0000102966 -0.0000102380 -0.0000103052 -0.0000102424 0.991894 0.964332 1 0.968357 0.0000017413 0.0000017239 0.0000017449 0.0000017260 0.0000002002 0.0000002241 0.0000001932 0.0000002198 0.0000002002 0.0000002240 0.0000001932 0.0000002197
usf3026_RMLO_L2_CL_M.jpg 4 0.0000001766 0.0000001895 0.0000001739 0.0000002125 -0.0000104721 -0.0000104230 -0.0000104755 -0.0000104033 0.99644 0.977969 1 0.971979 0.0000018309 0.0000018188 0.0000018322 0.0000018087 0.0000001812 0.0000001943 0.0000001782 0.0000002254 0.0000001744 0.0000001867 0.0000001717 0.0000002067
usf3026_RMLO_L4_CL_M.jpg 4 0.0000001288 0.0000001394 0.0000001256 0.0000001527 -0.0000082394 -0.0000082010 -0.0000082432 -0.0000081899 0.9969 0.97865 1 0.973578 0.0000014063 0.0000013968 0.0000014080 0.0000013911 0.0000001308 0.0000001418 0.0000001281 0.0000001613 0.0000001275 0.0000001375 0.0000001242 0.0000001487
usf3029_LCC_L2_CL_M.jpg 3 0.0000002950 0.0000018208 0.0000017828 0.0000018291 -0.0000155621 -0.0000154586 -0.0000155528 -0.0000154524 0.99795 0.975845 1 0.972201 0.0000027692 0.0000027384 0.0000027686 0.0000027349 0.0000003016 0.0000194108 0.0000194389 0.0000194438 0.0000002926 0.0000003114 0.0000002685 0.0000003186
usf3029_LMLO_L3_CL_M.jpg 3 0.0000002819 0.0000003070 0.0000002630 0.0000003005 -0.0000115303 -0.0000114673 -0.0000115496 -0.0000114741 0.982221 0.953369 1 0.959216 0.0000019400 0.0000019212 0.0000019494 0.0000019245 0.0000002820 0.0000003071 0.0000002631 0.0000003006 0.0000002819 0.0000003069 0.0000002629 0.0000003003
usf3029_LMLO_L5_CL_M.jpg 3 0.0000005541 0.0000006168 0.0000005239 0.0000005875 -0.0000192941 -0.0000191700 -0.0000193248 -0.0000191978 0.984476 0.944427 1 0.959083 0.0000034074 0.0000033650 0.0000034225 0.0000033796 0.0000005550 0.0000006180 0.0000005249 0.0000005885 0.0000005535 0.0000006161 0.0000005232 0.0000005868
usf3030_RMLO_L1_CL_B.jpg 4 0.0000004154 0.0000004459 0.0000004012 0.0000004665 -0.0000156352 -0.0000155530 -0.0000156495 -0.0000155337 0.991582 0.96382 1 0.954025 0.0000027270 0.0000027030 0.0000027341 0.0000026928 0.0000004160 0.0000004466 0.0000004018 0.0000004674 0.0000004150 0.0000004453 0.0000004007 0.0000004658
usf3031_LMLO_L1_CL_M.jpg 4 0.0000002076 0.0000010110 0.0000009706 0.0000009953 -0.0000113730 -0.0000112940 -0.0000113680 -0.0000113049 0.99881 0.972266 1 0.979765 0.0000019572 0.0000019315 0.0000019589 0.0000019385 0.0000002077 0.0000090161 0.0000089961 0.0000089748 0.0000002075 0.0000002353 0.0000001929 0.0000002214
usf3031_RMLO_L1_MS_B.jpg 2 0.0000003979 0.0000004571 0.0000003946 0.0000004505 -0.0000182301 -0.0000181071 -0.0000182310 -0.0000181196 1 0.972619 0.999461 0.975569 0.0000032703 0.0000032309 0.0000032722 0.0000032343 0.0000004046 0.0000004664 0.0000004023 0.0000004595 0.0000003951 0.0000004526 0.0000003911 0.0000004459
usf3035_RCC_L1_MS_M.jpg 4 0.0000002273 0.0000011794 0.0000011507 0.0000011868 -0.0000138734 -0.0000137904 -0.0000138711 -0.0000137832 0.99288 0.96946 1 0.964123 0.0000024083 0.0000023873 0.0000024109 0.0000023837 0.0000002276 0.0000107585 0.0000107631 0.0000107664 0.0000002270 0.0000002400 0.0000002080 0.0000002474
usf3041_LCC_L1_CL_M.jpg 5 0.0000004418 0.0000005334 0.0000004493 0.0000004910 -0.0000182703 -0.0000181325 -0.0000182672 -0.0000181706 0.998301 0.958363 1 0.969377 0.0000032536 0.0000032048 0.0000032498 0.0000032236 0.0000005156 0.0000006804 0.0000005239 0.0000006097 0.0000004211 0.0000004966 0.0000004287 0.0000004595
usf3042_LMLO_L1_MS_M.jpg 3 0.0000007219 0.0000008668 0.0000007432 0.0000008053 -0.0000245567 -0.0000243451 -0.0000245361 -0.0000243969 1 0.940406 0.995083 0.961189 0.0000044106 0.0000043256 0.0000043997 0.0000043564 0.0000007331 0.0000008836 0.0000007532 0.0000008243 0.0000007147 0.0000008549 0.0000007364 0.0000007934
usf3045_LCC_L1_CL_M.jpg 4 0.0000003490 0.0000003886 0.0000003340 0.0000003666 -0.0000116412 -0.0000115703 -0.0000116573 -0.0000115896 0.981638 0.946077 1 0.959818 0.0000019529 0.0000019269 0.0000019603 0.0000019378 0.0000003530 0.0000003936 0.0000003374 0.0000003713 0.0000003472 0.0000003864 0.0000003325 0.0000003646
usf3046_LMLO_L1_MS_M.jpg 4 0.0000003281 0.0000003616 0.0000003080 0.0000003374 -0.0000115639 -0.0000114952 -0.0000115828 -0.0000115156 0.981253 0.945329 1 0.965498 0.0000019185 0.0000018956 0.0000019286 0.0000019076 0.0000003296 0.0000003634 0.0000003094 0.0000003391 0.0000003273 0.0000003605 0.0000003071 0.0000003364
usf3049_RMLO_L1_CL_B.jpg 4 0.0000001992 0.0000002104 0.0000001843 0.0000002175 -0.0000069653 -0.0000069329 -0.0000069776 -0.0000069279 0.980103 0.960176 1 0.952562 0.0000011171 0.0000011079 0.0000011247 0.0000011047 0.0000001993 0.0000002109 0.0000001848 0.0000002188 0.0000001991 0.0000002100 0.0000001838 0.0000002163
usf3053_RCC_L2_MS_M.jpg 4 0.0000006054 0.0000006739 0.0000005848 0.0000006756 -0.0000214834 -0.0000213421 -0.0000215054 -0.0000213411 0.989617 0.948371 1 0.948338 0.0000037720 0.0000037259 0.0000037822 0.0000037250 0.0000006074 0.0000006767 0.0000005861 0.0000006786 0.0000006041 0.0000006718 0.0000005839 0.0000006734
usf3055_RCC_L1_CL_M.jpg 5 0.0000004083 0.0000033196 0.0000032485 0.0000033422 -0.0000195205 -0.0000193708 -0.0000194856 -0.0000193438 1 0.974768 0.998832 0.971306 0.0000035487 0.0000035037 0.0000035407 0.0000034901 0.0000006315 0.0000406119 0.0000404474 0.0000405809 0.0000003663 0.0000003879 0.0000003371 0.0000004150
usf3055_RMLO_L1_CL_M.jpg 5 0.0000003913 0.0000026607 0.0000026290 0.0000027000 -0.0000175120 -0.0000173885 -0.0000174819 -0.0000173542 0.995807 0.971959 1 0.949692 0.0000030943 0.0000030581 0.0000030853 0.0000030389 0.0000004110 0.0000337566 0.0000338222 0.0000337993 0.0000003827 0.0000004119 0.0000003777 0.0000004503
