0 1 0.4320 0.3626 0.2769 0.2357 0.2311 0.2646 0.3465 0.3259 0.1012 0.0880 0.0699 0.0600 0.0578 0.0651 0.0815 0.0734 0.1062 0.0848 0.0643 0.0553 0.0566 0.0683 0.0926 0.0859 0.1139 0.1022 0.0773 0.0642 0.0602 0.0649 0.0824 0.0799 0.1097 0.0872 0.0650 0.0558 0.0561 0.0660 0.0896 0.0861 
0 1 0.4694 0.2857 0.2023 0.1797 0.1824 0.2106 0.3042 0.4198 0.0551 0.0498 0.0433 0.0418 0.0434 0.0476 0.0540 0.0414 0.2882 0.1218 0.0659 0.0553 0.0597 0.0796 0.1498 0.2940 0.0615 0.0589 0.0502 0.0447 0.0417 0.0422 0.0485 0.0398 0.0618 0.0537 0.0424 0.0376 0.0370 0.0405 0.0506 0.0422 
0 0 0.4310 0.3656 0.2813 0.2467 0.2427 0.2689 0.3448 0.2997 0.0973 0.0812 0.0623 0.0566 0.0569 0.0629 0.0803 0.0668 0.1174 0.0961 0.0716 0.0612 0.0599 0.0693 0.0936 0.0851 0.0952 0.0840 0.0684 0.0625 0.0619 0.0659 0.0792 0.0634 0.1200 0.1037 0.0786 0.0661 0.0635 0.0703 0.0911 0.0838 
0 0 0.2909 0.2132 0.1621 0.4894 0.4850 0.1496 0.1975 0.2166 0.1645 0.0981 0.0620 0.0501 0.0492 0.0584 0.0924 0.1348 0.0530 0.0475 0.0403 0.0378 0.0370 0.0379 0.0444 0.0328 0.0404 0.0369 0.0320 0.2025 0.2008 0.0280 0.0324 0.0278 0.0330 0.0307 0.0276 0.1985 0.1975 0.0253 0.0283 0.0212 
0 0 0.4522 0.3374 0.2482 0.2191 0.2209 0.2553 0.3501 0.3547 0.0868 0.0743 0.0600 0.0550 0.0550 0.0603 0.0760 0.0632 0.0751 0.0645 0.0538 0.0496 0.0500 0.0539 0.0648 0.0506 0.1656 0.1059 0.0685 0.0577 0.0595 0.0751 0.1165 0.1430 0.1233 0.0921 0.0655 0.0563 0.0560 0.0656 0.0922 0.0968 
0 0 0.4182 0.3470 0.2708 0.2403 0.2435 0.2806 0.3609 0.3244 0.0998 0.0881 0.0723 0.0655 0.0661 0.0735 0.0885 0.0751 0.0989 0.0805 0.0621 0.0549 0.0564 0.0671 0.0872 0.0766 0.1155 0.0930 0.0699 0.0613 0.0621 0.0723 0.0962 0.0922 0.1032 0.0851 0.0662 0.0582 0.0586 0.0673 0.0887 0.0799 
0 0 0.4346 0.3670 0.2881 0.2567 0.2500 0.2669 0.3350 0.2839 0.1313 0.1088 0.0823 0.0689 0.0643 0.0676 0.0869 0.0849 0.0947 0.0830 0.0694 0.0643 0.0637 0.0668 0.0795 0.0614 0.1077 0.0907 0.0697 0.0621 0.0606 0.0667 0.0850 0.0706 0.1002 0.0842 0.0665 0.0609 0.0608 0.0655 0.0834 0.0667 
0 0 0.4456 0.3892 0.2971 0.2478 0.2297 0.2475 0.3169 0.2929 0.1076 0.0930 0.0707 0.0588 0.0550 0.0602 0.0777 0.0701 0.1262 0.1044 0.0746 0.0607 0.0564 0.0630 0.0846 0.0849 0.1015 0.0923 0.0729 0.0625 0.0583 0.0626 0.0773 0.0678 0.1096 0.0991 0.0784 0.0653 0.0595 0.0613 0.0769 0.0697 
0 0 0.4906 0.2595 0.1453 0.1312 0.1291 0.1404 0.2488 0.4615 0.3342 0.1678 0.0885 0.0839 0.0827 0.0872 0.1634 0.3242 0.1227 0.0627 0.0340 0.0272 0.0270 0.0320 0.0584 0.1132 0.0205 0.0176 0.0135 0.0115 0.0110 0.0124 0.0161 0.0155 0.0129 0.0114 0.0093 0.0085 0.0083 0.0088 0.0109 0.0085 
0 0 0.4330 0.3364 0.2581 0.2301 0.2335 0.2662 0.3510 0.3503 0.0921 0.0800 0.0649 0.0587 0.0574 0.0630 0.0783 0.0687 0.0850 0.0748 0.0625 0.0572 0.0579 0.0628 0.0756 0.0635 0.1649 0.1046 0.0682 0.0578 0.0610 0.0765 0.1179 0.1489 0.0896 0.0766 0.0621 0.0559 0.0569 0.0636 0.0787 0.0680 
0 1 0.2971 0.2632 0.2185 0.4594 0.4570 0.2075 0.2459 0.2124 0.0942 0.0795 0.0626 0.0540 0.0533 0.0597 0.0758 0.0711 0.0804 0.0727 0.0600 0.0531 0.0524 0.0568 0.0674 0.0578 0.0592 0.0538 0.0472 0.1654 0.1651 0.0459 0.0530 0.0435 0.0632 0.0570 0.0487 0.1863 0.1856 0.0448 0.0496 0.0400 
0 1 0.3789 0.3371 0.2897 0.3117 0.3137 0.2867 0.3349 0.2578 0.0778 0.0699 0.0638 0.0824 0.0859 0.0684 0.0751 0.0521 0.0820 0.0768 0.0718 0.0906 0.0909 0.0685 0.0757 0.0559 0.0983 0.0846 0.0700 0.0658 0.0667 0.0733 0.0895 0.0689 0.1200 0.1055 0.0837 0.0723 0.0697 0.0762 0.0943 0.0806 
0 1 0.2715 0.2313 0.1868 0.4834 0.4830 0.1855 0.2315 0.2139 0.0972 0.0739 0.0546 0.0484 0.0496 0.0577 0.0783 0.0815 0.0807 0.0704 0.0567 0.0503 0.0512 0.0579 0.0726 0.0648 0.0474 0.0424 0.0357 0.1971 0.1970 0.0356 0.0422 0.0353 0.0462 0.0445 0.0396 0.1870 0.1847 0.0341 0.0384 0.0322 
0 1 0.5032 0.2333 0.1171 0.0930 0.0916 0.1165 0.2323 0.4842 0.3656 0.1585 0.0731 0.0571 0.0560 0.0723 0.1579 0.3587 0.1062 0.0485 0.0238 0.0182 0.0181 0.0244 0.0488 0.1014 0.0159 0.0135 0.0103 0.0088 0.0087 0.0099 0.0128 0.0120 0.0151 0.0127 0.0099 0.0088 0.0088 0.0099 0.0126 0.0117 
0 1 0.4924 0.2435 0.1314 0.1076 0.1102 0.1360 0.2531 0.4590 0.0345 0.0269 0.0199 0.0173 0.0176 0.0209 0.0291 0.0283 0.0298 0.0240 0.0185 0.0164 0.0168 0.0195 0.0255 0.0226 0.3798 0.1619 0.0730 0.0566 0.0575 0.0728 0.1634 0.3652 0.0459 0.0303 0.0198 0.0171 0.0180 0.0226 0.0346 0.0408 
0 0 0.4257 0.3449 0.2635 0.2329 0.2381 0.2775 0.3646 0.3315 0.1065 0.0865 0.0664 0.0583 0.0594 0.0692 0.0913 0.0832 0.1081 0.0895 0.0684 0.0600 0.0605 0.0697 0.0905 0.0817 0.1067 0.0845 0.0633 0.0559 0.0579 0.0687 0.0920 0.0842 0.1037 0.0839 0.0652 0.0583 0.0600 0.0697 0.0904 0.0819 
0 0 0.1742 0.1536 0.1400 0.5382 0.5470 0.1699 0.1901 0.1405 0.0249 0.0219 0.0220 0.2207 0.2218 0.0295 0.0310 0.0215 0.0240 0.0229 0.0236 0.2230 0.2240 0.0281 0.0273 0.0189 0.0654 0.0559 0.0471 0.0457 0.0483 0.0539 0.0663 0.0527 0.0594 0.0527 0.0472 0.0481 0.0522 0.0582 0.0653 0.0473 
0 0 0.3853 0.3460 0.2960 0.2769 0.2768 0.2975 0.3512 0.2812 0.0885 0.0805 0.0698 0.0671 0.0678 0.0721 0.0829 0.0641 0.0912 0.0827 0.0719 0.0679 0.0673 0.0709 0.0818 0.0632 0.0998 0.0894 0.0761 0.0703 0.0709 0.0758 0.0912 0.0741 0.1051 0.0929 0.0777 0.0711 0.0703 0.0784 0.0949 0.0793 
0 0 0.4654 0.3199 0.2235 0.1950 0.2018 0.2399 0.3406 0.3956 0.0650 0.0543 0.0458 0.0441 0.0467 0.0534 0.0649 0.0516 0.1108 0.0809 0.0580 0.0510 0.0521 0.0591 0.0813 0.0917 0.0759 0.0632 0.0502 0.0461 0.0498 0.0590 0.0749 0.0638 0.2116 0.1206 0.0689 0.0534 0.0527 0.0678 0.1186 0.1865 
0 0 0.4057 0.3399 0.2721 0.2509 0.2567 0.2922 0.3672 0.3106 0.0968 0.0844 0.0683 0.0621 0.0625 0.0688 0.0853 0.0702 0.1052 0.0857 0.0669 0.0611 0.0618 0.0716 0.0925 0.0815 0.0903 0.0759 0.0639 0.0618 0.0649 0.0732 0.0879 0.0679 0.1126 0.0934 0.0727 0.0654 0.0669 0.0781 0.1011 0.0905 
0 0 0.3761 0.3211 0.2719 0.2620 0.2770 0.3156 0.3794 0.3048 0.0941 0.0792 0.0667 0.0648 0.0690 0.0789 0.0953 0.0770 0.0914 0.0787 0.0684 0.0675 0.0725 0.0828 0.0973 0.0757 0.0935 0.0805 0.0673 0.0637 0.0661 0.0749 0.0914 0.0744 0.0965 0.0823 0.0692 0.0655 0.0689 0.0786 0.0951 0.0774 
0 1 0.2615 0.1975 0.1651 0.4950 0.4942 0.1732 0.2098 0.2106 0.0459 0.0429 0.0416 0.0440 0.0454 0.0465 0.0480 0.0328 0.1498 0.0888 0.0548 0.0464 0.0479 0.0593 0.0965 0.1344 0.0315 0.0326 0.0349 0.1992 0.1961 0.0315 0.0296 0.0189 0.0339 0.0329 0.0336 0.2049 0.2043 0.0358 0.0354 0.0240 
0 1 0.1754 0.1741 0.1694 0.5545 0.5392 0.1506 0.1558 0.1066 0.0569 0.0556 0.0513 0.0498 0.0480 0.0469 0.0504 0.0363 0.0516 0.0481 0.0438 0.0432 0.0427 0.0423 0.0467 0.0324 0.0328 0.0342 0.0354 0.2289 0.2243 0.0311 0.0294 0.0186 0.0341 0.0362 0.0388 0.2320 0.2236 0.0302 0.0294 0.0192 
0 1 0.4313 0.3581 0.2748 0.2386 0.2360 0.2686 0.3486 0.3190 0.1323 0.1047 0.0755 0.0633 0.0641 0.0767 0.1065 0.1064 0.0950 0.0793 0.0613 0.0543 0.0537 0.0604 0.0774 0.0665 0.1074 0.0896 0.0694 0.0616 0.0607 0.0683 0.0883 0.0805 0.0958 0.0841 0.0682 0.0591 0.0571 0.0629 0.0762 0.0652 
0 0 0.4232 0.3507 0.2757 0.2473 0.2486 0.2788 0.3537 0.3106 0.1029 0.0868 0.0702 0.0629 0.0632 0.0694 0.0864 0.0741 0.1068 0.0887 0.0710 0.0649 0.0649 0.0738 0.0932 0.0806 0.1064 0.0879 0.0675 0.0599 0.0602 0.0674 0.0870 0.0777 0.1064 0.0869 0.0667 0.0592 0.0598 0.0677 0.0867 0.0777 
0 0 0.5039 0.2398 0.1300 0.1034 0.1034 0.1305 0.2350 0.4582 0.0298 0.0248 0.0201 0.0187 0.0195 0.0224 0.0277 0.0226 0.0424 0.0319 0.0228 0.0197 0.0198 0.0230 0.0315 0.0320 0.0346 0.0287 0.0221 0.0194 0.0192 0.0214 0.0276 0.0253 0.3929 0.1531 0.0644 0.0452 0.0445 0.0633 0.1471 0.3746 
0 0 0.3850 0.3504 0.3078 0.2929 0.2884 0.2969 0.3389 0.2503 0.0962 0.0862 0.0751 0.0718 0.0711 0.0737 0.0850 0.0622 0.0974 0.0885 0.0783 0.0750 0.0732 0.0751 0.0850 0.0628 0.0939 0.0855 0.0744 0.0701 0.0696 0.0724 0.0827 0.0615 0.0970 0.0899 0.0795 0.0754 0.0739 0.0753 0.0860 0.0633 
0 0 0.5369 0.2948 0.1669 0.1257 0.1192 0.1459 0.2596 0.4581 0.0720 0.0535 0.0347 0.0273 0.0264 0.0314 0.0474 0.0551 0.3036 0.1239 0.0553 0.0398 0.0397 0.0537 0.1212 0.2851 0.0625 0.0560 0.0413 0.0327 0.0289 0.0314 0.0405 0.0415 0.0960 0.0602 0.0349 0.0255 0.0238 0.0286 0.0488 0.0734 
0 0 0.2057 0.1911 0.1744 0.5283 0.5280 0.1751 0.1919 0.1380 0.0395 0.0382 0.0369 0.2155 0.2155 0.0372 0.0386 0.0255 0.0384 0.0369 0.0358 0.2154 0.2160 0.0366 0.0380 0.0250 0.0621 0.0568 0.0497 0.0474 0.0472 0.0494 0.0554 0.0419 0.0652 0.0590 0.0519 0.0494 0.0487 0.0518 0.0597 0.0454 
0 0 0.3602 0.3305 0.2970 0.2879 0.2959 0.3183 0.3553 0.2724 0.0993 0.0911 0.0818 0.0785 0.0802 0.0868 0.0978 0.0778 0.0796 0.0749 0.0707 0.0715 0.0754 0.0804 0.0860 0.0608 0.0981 0.0862 0.0735 0.0695 0.0708 0.0783 0.0924 0.0752 0.0826 0.0779 0.0706 0.0680 0.0691 0.0726 0.0787 0.0581 
0 0 0.3769 0.3400 0.2977 0.2844 0.2871 0.3039 0.3489 0.2740 0.0940 0.0844 0.0733 0.0701 0.0713 0.0761 0.0867 0.0671 0.1136 0.0954 0.0776 0.0706 0.0728 0.0831 0.1048 0.0894 0.0809 0.0785 0.0746 0.0750 0.0753 0.0745 0.0778 0.0568 0.0879 0.0813 0.0719 0.0682 0.0672 0.0699 0.0793 0.0604 
0 0 0.4311 0.3957 0.3143 0.2640 0.2446 0.2531 0.3095 0.2630 0.1054 0.0933 0.0759 0.0664 0.0630 0.0666 0.0818 0.0690 0.1163 0.1028 0.0785 0.0642 0.0601 0.0638 0.0814 0.0720 0.0971 0.0942 0.0775 0.0659 0.0599 0.0598 0.0686 0.0549 0.1119 0.1052 0.0821 0.0669 0.0610 0.0626 0.0775 0.0668 
0 0 0.3996 0.3475 0.2923 0.2729 0.2734 0.2910 0.3472 0.2764 0.1240 0.1052 0.0848 0.0755 0.0746 0.0807 0.0985 0.0882 0.1119 0.0934 0.0747 0.0693 0.0708 0.0794 0.1005 0.0841 0.0841 0.0769 0.0685 0.0652 0.0653 0.0661 0.0747 0.0523 0.0789 0.0717 0.0640 0.0625 0.0621 0.0643 0.0731 0.0516 
0 0 0.4188 0.3467 0.2731 0.2462 0.2492 0.2819 0.3582 0.3151 0.0973 0.0830 0.0684 0.0618 0.0616 0.0672 0.0815 0.0693 0.1045 0.0878 0.0692 0.0614 0.0614 0.0682 0.0873 0.0771 0.1131 0.0895 0.0672 0.0614 0.0635 0.0752 0.0998 0.0906 0.1030 0.0861 0.0680 0.0612 0.0623 0.0709 0.0893 0.0777 
0 0 0.4111 0.3187 0.2617 0.2496 0.2570 0.2875 0.3553 0.3318 0.0714 0.0601 0.0493 0.0468 0.0494 0.0563 0.0685 0.0519 0.0741 0.0624 0.0523 0.0501 0.0542 0.0624 0.0757 0.0564 0.0899 0.0743 0.0625 0.0633 0.0719 0.0845 0.0981 0.0801 0.1715 0.1207 0.0972 0.0890 0.0810 0.0839 0.1120 0.1396 
0 0 0.4277 0.3580 0.2815 0.2528 0.2499 0.2735 0.3408 0.2985 0.1457 0.1102 0.0779 0.0657 0.0637 0.0732 0.1005 0.1068 0.0956 0.0872 0.0729 0.0671 0.0654 0.0682 0.0794 0.0622 0.0924 0.0799 0.0650 0.0589 0.0595 0.0654 0.0795 0.0638 0.0934 0.0804 0.0654 0.0606 0.0609 0.0664 0.0811 0.0653 
0 0 0.5170 0.2472 0.1260 0.0991 0.0994 0.1278 0.2470 0.4978 0.2362 0.1093 0.0527 0.0394 0.0395 0.0522 0.1080 0.2274 0.2584 0.1180 0.0560 0.0432 0.0430 0.0572 0.1181 0.2549 0.0109 0.0098 0.0085 0.0080 0.0081 0.0085 0.0097 0.0073 0.0108 0.0097 0.0085 0.0082 0.0087 0.0095 0.0109 0.0078 
0 0 0.5222 0.2433 0.1200 0.0908 0.0905 0.1178 0.2422 0.5127 0.2461 0.1078 0.0493 0.0359 0.0362 0.0490 0.1088 0.2460 0.2433 0.1075 0.0490 0.0366 0.0365 0.0488 0.1073 0.2407 0.0147 0.0137 0.0111 0.0095 0.0090 0.0097 0.0118 0.0108 0.0174 0.0141 0.0103 0.0087 0.0087 0.0102 0.0139 0.0145 
0 1 0.3977 0.3960 0.3452 0.2995 0.2675 0.2595 0.2936 0.2250 0.1031 0.1005 0.0857 0.0749 0.0679 0.0684 0.0789 0.0622 0.0912 0.0854 0.0743 0.0672 0.0630 0.0632 0.0722 0.0534 0.1047 0.1088 0.0967 0.0827 0.0717 0.0673 0.0749 0.0584 0.0979 0.1010 0.0882 0.0741 0.0646 0.0602 0.0674 0.0509 
0 1 0.3805 0.3279 0.2860 0.2813 0.2907 0.3139 0.3647 0.2588 0.0830 0.0721 0.0644 0.0636 0.0656 0.0705 0.0808 0.0523 0.0792 0.0711 0.0649 0.0655 0.0678 0.0699 0.0766 0.0490 0.1223 0.1026 0.0854 0.0827 0.0859 0.0969 0.1182 0.0945 0.0949 0.0818 0.0710 0.0689 0.0710 0.0763 0.0887 0.0623 
0 1 0.2337 0.2090 0.1798 0.5060 0.5107 0.1858 0.2146 0.1757 0.0449 0.0415 0.0384 0.2051 0.2071 0.0407 0.0441 0.0332 0.0450 0.0400 0.0356 0.2032 0.2053 0.0376 0.0421 0.0326 0.0781 0.0679 0.0551 0.0500 0.0507 0.0563 0.0685 0.0611 0.0652 0.0594 0.0505 0.0470 0.0469 0.0509 0.0597 0.0484 
0 1 0.4894 0.2634 0.1530 0.1242 0.1260 0.1576 0.2717 0.4454 0.0546 0.0406 0.0284 0.0238 0.0237 0.0279 0.0402 0.0444 0.0372 0.0328 0.0263 0.0231 0.0226 0.0247 0.0301 0.0258 0.3584 0.1612 0.0762 0.0569 0.0574 0.0773 0.1630 0.3403 0.0375 0.0284 0.0219 0.0201 0.0221 0.0276 0.0378 0.0331 
0 0 0.3111 0.3154 0.3232 0.3398 0.3388 0.3195 0.3144 0.2179 0.0667 0.0607 0.0576 0.0586 0.0592 0.0593 0.0629 0.0417 0.0499 0.0453 0.0428 0.0449 0.0452 0.0434 0.0449 0.0262 0.0977 0.0986 0.1008 0.1097 0.1171 0.1162 0.1149 0.0828 0.0967 0.1108 0.1220 0.1265 0.1173 0.1006 0.0916 0.0672 
0 1 0.1688 0.1541 0.1459 0.5484 0.5543 0.1576 0.1671 0.1122 0.0283 0.0273 0.0265 0.2298 0.2311 0.0285 0.0290 0.0210 0.0292 0.0276 0.0269 0.2227 0.2246 0.0295 0.0309 0.0228 0.0567 0.0514 0.0476 0.0489 0.0499 0.0500 0.0538 0.0345 0.0547 0.0477 0.0448 0.0471 0.0486 0.0496 0.0533 0.0339 
0 1 0.2711 0.2374 0.2032 0.4465 0.4600 0.2359 0.2805 0.2346 0.0555 0.0482 0.0418 0.1700 0.1734 0.0502 0.0588 0.0478 0.0693 0.0616 0.0536 0.1723 0.1769 0.0627 0.0739 0.0625 0.0503 0.0445 0.0403 0.0408 0.0420 0.0436 0.0487 0.0351 0.0960 0.0830 0.0676 0.0635 0.0677 0.0794 0.0990 0.0892 
0 1 0.1816 0.1847 0.1916 0.5179 0.5330 0.2238 0.2116 0.1478 0.0650 0.0684 0.0714 0.0754 0.0770 0.0754 0.0727 0.0550 0.0476 0.0484 0.0519 0.0622 0.0731 0.0750 0.0663 0.0424 0.0335 0.0336 0.0342 0.1900 0.1917 0.0373 0.0360 0.0245 0.0354 0.0342 0.0341 0.1904 0.1911 0.0362 0.0366 0.0258 
0 1 0.3238 0.3108 0.2901 0.2951 0.3118 0.3385 0.3613 0.2905 0.0855 0.0833 0.0787 0.0787 0.0817 0.0863 0.0912 0.0748 0.0846 0.0808 0.0749 0.0759 0.0798 0.0876 0.0950 0.0773 0.0785 0.0754 0.0706 0.0742 0.0813 0.0906 0.0936 0.0721 0.0752 0.0712 0.0659 0.0663 0.0689 0.0740 0.0815 0.0663 
0 1 0.3212 0.3123 0.2934 0.2959 0.3140 0.3379 0.3586 0.2877 0.0800 0.0768 0.0712 0.0709 0.0737 0.0786 0.0846 0.0673 0.0830 0.0775 0.0704 0.0692 0.0739 0.0818 0.0914 0.0734 0.0704 0.0667 0.0621 0.0645 0.0728 0.0813 0.0855 0.0694 0.0878 0.0914 0.0897 0.0912 0.0935 0.0962 0.0971 0.0776 
0 1 0.3559 0.3289 0.2881 0.2720 0.2803 0.3116 0.3630 0.3151 0.0921 0.0858 0.0749 0.0702 0.0718 0.0799 0.0935 0.0804 0.0766 0.0695 0.0604 0.0578 0.0601 0.0672 0.0780 0.0656 0.1001 0.0905 0.0782 0.0728 0.0746 0.0843 0.1007 0.0926 0.0870 0.0831 0.0745 0.0712 0.0737 0.0803 0.0909 0.0764 
0 1 0.3447 0.3213 0.2856 0.2768 0.2892 0.3201 0.3675 0.3105 0.0890 0.0835 0.0749 0.0735 0.0769 0.0854 0.0954 0.0796 0.0692 0.0627 0.0578 0.0585 0.0627 0.0685 0.0765 0.0599 0.0868 0.0803 0.0692 0.0658 0.0684 0.0778 0.0930 0.0811 0.0997 0.0949 0.0838 0.0790 0.0811 0.0883 0.1025 0.0899 
0 1 0.1974 0.2210 0.2184 0.5383 0.5149 0.1614 0.1643 0.1386 0.0676 0.0700 0.0654 0.0600 0.0558 0.0564 0.0605 0.0505 0.0741 0.0860 0.0848 0.0749 0.0642 0.0582 0.0588 0.0511 0.0266 0.0282 0.0288 0.1955 0.1933 0.0229 0.0228 0.0184 0.0290 0.0368 0.0394 0.2079 0.2016 0.0239 0.0222 0.0186 
0 1 0.3186 0.3205 0.3111 0.3173 0.3251 0.3294 0.3381 0.2634 0.0774 0.0779 0.0754 0.0766 0.0789 0.0808 0.0819 0.0639 0.0852 0.0859 0.0822 0.0841 0.0867 0.0884 0.0914 0.0723 0.0777 0.0778 0.0748 0.0753 0.0765 0.0774 0.0805 0.0622 0.0783 0.0790 0.0788 0.0813 0.0830 0.0828 0.0844 0.0650 
0 1 0.3501 0.3493 0.3242 0.3056 0.2961 0.2996 0.3255 0.2694 0.0951 0.0933 0.0853 0.0815 0.0808 0.0843 0.0937 0.0789 0.0822 0.0835 0.0793 0.0735 0.0697 0.0689 0.0730 0.0596 0.0910 0.0889 0.0817 0.0784 0.0779 0.0793 0.0857 0.0715 0.0818 0.0835 0.0779 0.0723 0.0677 0.0672 0.0730 0.0594 
0 1 0.1713 0.1623 0.1556 0.5536 0.5510 0.1496 0.1570 0.1036 0.0606 0.0584 0.0562 0.0565 0.0559 0.0549 0.0576 0.0403 0.0525 0.0494 0.0459 0.0454 0.0439 0.0428 0.0466 0.0308 0.0272 0.0258 0.0259 0.2253 0.2249 0.0248 0.0246 0.0144 0.0310 0.0287 0.0275 0.2263 0.2262 0.0271 0.0282 0.0180 
0 1 0.1825 0.1905 0.1810 0.5446 0.5346 0.1597 0.1659 0.1363 0.0811 0.0881 0.0830 0.0763 0.0706 0.0688 0.0709 0.0608 0.0638 0.0654 0.0625 0.0595 0.0575 0.0571 0.0598 0.0477 0.0207 0.0199 0.0191 0.2066 0.2050 0.0186 0.0196 0.0160 0.0170 0.0171 0.0164 0.2023 0.2016 0.0152 0.0155 0.0117 
0 1 0.2280 0.2350 0.2254 0.4978 0.4922 0.2099 0.2205 0.1814 0.0712 0.0721 0.0681 0.0653 0.0650 0.0667 0.0709 0.0591 0.0588 0.0626 0.0618 0.0599 0.0565 0.0546 0.0562 0.0449 0.0478 0.0492 0.0472 0.1881 0.1878 0.0448 0.0470 0.0384 0.0503 0.0511 0.0483 0.1845 0.1830 0.0438 0.0463 0.0390 
0 1 0.3311 0.3173 0.2961 0.2937 0.3075 0.3319 0.3578 0.2880 0.0817 0.0766 0.0711 0.0704 0.0747 0.0816 0.0898 0.0730 0.0812 0.0774 0.0730 0.0729 0.0767 0.0831 0.0891 0.0708 0.0850 0.0815 0.0756 0.0743 0.0772 0.0834 0.0894 0.0729 0.0831 0.0819 0.0764 0.0762 0.0789 0.0837 0.0894 0.0713 
0 1 0.3394 0.3321 0.3100 0.3044 0.3076 0.3184 0.3406 0.2706 0.0820 0.0809 0.0764 0.0755 0.0751 0.0765 0.0812 0.0638 0.0892 0.0871 0.0809 0.0792 0.0801 0.0840 0.0904 0.0725 0.0901 0.0885 0.0821 0.0804 0.0806 0.0825 0.0894 0.0720 0.0781 0.0756 0.0707 0.0693 0.0719 0.0754 0.0796 0.0623 
0 1 0.3469 0.3374 0.3083 0.2974 0.2966 0.3110 0.3418 0.2842 0.0848 0.0814 0.0739 0.0723 0.0730 0.0778 0.0853 0.0708 0.0875 0.0838 0.0762 0.0729 0.0727 0.0775 0.0852 0.0710 0.0843 0.0837 0.0776 0.0760 0.0756 0.0769 0.0835 0.0685 0.0902 0.0885 0.0805 0.0762 0.0754 0.0789 0.0877 0.0739 
0 0 0.3026 0.3301 0.3491 0.3557 0.3355 0.3105 0.3009 0.2186 0.0670 0.0896 0.1032 0.0994 0.0777 0.0609 0.0541 0.0433 0.0754 0.0842 0.0960 0.1083 0.1107 0.1029 0.0911 0.0623 0.0823 0.0815 0.0786 0.0767 0.0751 0.0746 0.0783 0.0572 0.0778 0.0748 0.0712 0.0713 0.0720 0.0721 0.0774 0.0557 
0 1 0.2996 0.3151 0.3224 0.3845 0.3649 0.2858 0.2942 0.2345 0.0794 0.0943 0.1097 0.1056 0.0877 0.0774 0.0758 0.0611 0.0847 0.0855 0.0826 0.0809 0.0808 0.0815 0.0855 0.0687 0.0691 0.0678 0.0650 0.1008 0.1000 0.0659 0.0698 0.0547 0.0665 0.0676 0.0651 0.0971 0.0964 0.0609 0.0632 0.0501 
0 1 0.2096 0.2094 0.1981 0.5148 0.5139 0.1966 0.2077 0.1676 0.0815 0.0808 0.0752 0.0716 0.0711 0.0752 0.0818 0.0697 0.0715 0.0728 0.0679 0.0652 0.0634 0.0647 0.0684 0.0559 0.0257 0.0247 0.0244 0.1836 0.1845 0.0255 0.0258 0.0184 0.0309 0.0312 0.0306 0.1944 0.1949 0.0312 0.0316 0.0236 
