usf1873_LCC_L1_CL_M.jpg 1 0.43196 0.3626 0.27686 0.23566 0.2311 0.26463 0.34648 0.32594 0.10122 0.08797 0.06986 0.05995 0.05779 0.06511 0.08153 0.0734 0.10621 0.08483 0.06431 0.05527 0.05657 0.06826 0.09256 0.08594 0.11391 0.10219 0.07735 0.06423 0.06019 0.06486 0.08244 0.07991 0.10971 0.08718 0.065 0.0558 0.05611 0.06603 0.0896 0.08615
usf1873_LMLO_L1_CL_M.jpg 1 0.46936 0.28565 0.20228 0.17972 0.18242 0.21062 0.30424 0.41977 0.05509 0.04976 0.04327 0.04177 0.0434 0.04759 0.05403 0.04139 0.28821 0.12183 0.06595 0.05529 0.05975 0.0796 0.14985 0.29399 0.06152 0.05887 0.05016 0.04468 0.04172 0.04224 0.04848 0.03978 0.06184 0.05367 0.04236 0.03759 0.03696 0.04052 0.05057 0.04222
usf1876_LCC_L1_MS_B.jpg 0 0.43098 0.36563 0.28133 0.24675 0.24266 0.26886 0.34478 0.29967 0.09734 0.08125 0.06229 0.05656 0.05687 0.06289 0.08033 0.06683 0.11744 0.0961 0.07158 0.06116 0.05987 0.06935 0.09359 0.08509 0.09524 0.08398 0.06838 0.06253 0.06186 0.06587 0.07924 0.06336 0.11996 0.1037 0.07855 0.06605 0.06353 0.07027 0.0911 0.08384
usf1878_LCC_L1_MS_B.jpg 0 0.29093 0.21323 0.16208 0.48944 0.48496 0.14959 0.19751 0.21663 0.16453 0.09809 0.06203 0.05013 0.04925 0.05838 0.09238 0.13479 0.05297 0.04751 0.04031 0.03779 0.03696 0.03787 0.04437 0.03283 0.04039 0.03685 0.032 0.20248 0.20076 0.02797 0.03237 0.02784 0.03298 0.03072 0.0276 0.19849 0.19751 0.02528 0.02833 0.02115
usf1879_RMLO_L1_MS_B.jpg 0 0.45217 0.3374 0.24817 0.21907 0.22085 0.25525 0.35013 0.35474 0.08677 0.07432 0.06005 0.05502 0.05496 0.06032 0.07604 0.06325 0.0751 0.06451 0.0538 0.04963 0.04999 0.05394 0.06481 0.05058 0.16559 0.10593 0.06849 0.05772 0.05945 0.07508 0.11649 0.14297 0.12332 0.09208 0.06549 0.05633 0.05604 0.06556 0.09225 0.0968
usf1881_RMLO_L1_MS_B.jpg 0 0.41824 0.34696 0.27082 0.24029 0.2435 0.28064 0.36086 0.32445 0.09982 0.0881 0.07226 0.06552 0.06607 0.07353 0.08848 0.07511 0.09892 0.08047 0.06211 0.05488 0.05636 0.06713 0.08715 0.0766 0.11547 0.09296 0.06991 0.06127 0.06206 0.07232 0.09619 0.09218 0.10315 0.08511 0.06625 0.05822 0.05859 0.06733 0.08865 0.07992
usf1882_LMLO_L1_MS_B.jpg 0 0.43456 0.36702 0.28811 0.25665 0.24999 0.26694 0.33505 0.28386 0.13128 0.10878 0.08227 0.06889 0.06431 0.06764 0.0869 0.0849 0.09465 0.083 0.06939 0.06429 0.06367 0.06685 0.07948 0.06141 0.10773 0.09066 0.06965 0.06207 0.06065 0.0667 0.08502 0.07058 0.10025 0.08423 0.06651 0.06092 0.06085 0.06549 0.08336 0.06665
usf1885_LMLO_L1_CL_B.jpg 0 0.44558 0.38922 0.29706 0.24776 0.22971 0.24747 0.31691 0.29286 0.10759 0.09303 0.07072 0.05881 0.05498 0.06015 0.07768 0.0701 0.12618 0.10435 0.07465 0.06069 0.05641 0.06304 0.08464 0.08487 0.10149 0.09234 0.07295 0.06251 0.05833 0.06256 0.07733 0.06779 0.10959 0.09912 0.07841 0.06528 0.05947 0.06135 0.07692 0.06972
usf1888_LMLO_L1_CL_B.jpg 0 0.49057 0.25953 0.14532 0.13116 0.12907 0.14044 0.24876 0.46146 0.33424 0.1678 0.0885 0.08394 0.08272 0.08715 0.16337 0.32418 0.12272 0.06274 0.03401 0.02717 0.02697 0.03197 0.0584 0.11321 0.02055 0.01755 0.01347 0.01145 0.01097 0.01243 0.01607 0.0155 0.01293 0.01138 0.00929 0.00854 0.00835 0.00883 0.01086 0.0085
usf1891_RMLO_L1_CL_B.jpg 0 0.43302 0.33641 0.25808 0.23009 0.23352 0.26619 0.35098 0.35035 0.09207 0.08 0.06494 0.0587 0.05736 0.063 0.0783 0.0687 0.08499 0.07477 0.06247 0.05724 0.05786 0.06279 0.07556 0.0635 0.16491 0.10464 0.06824 0.05785 0.06097 0.07652 0.11794 0.14891 0.08962 0.07656 0.06211 0.0559 0.05687 0.06356 0.07874 0.06804
usf1893_LCC_L1_MS_M.jpg 1 0.29709 0.26325 0.21855 0.45938 0.457 0.20749 0.24591 0.21237 0.09417 0.07954 0.06256 0.05402 0.05331 0.05972 0.07581 0.07108 0.08044 0.07274 0.06 0.0531 0.05239 0.05683 0.0674 0.05778 0.0592 0.05385 0.04715 0.16536 0.1651 0.04592 0.05302 0.04347 0.06321 0.05703 0.04865 0.18633 0.18563 0.04483 0.04958 0.04
usf1898_RCC_L1_CL_M.jpg 1 0.37893 0.33714 0.28967 0.31173 0.31371 0.28671 0.33492 0.25784 0.0778 0.06994 0.06379 0.08241 0.08587 0.06839 0.07508 0.05209 0.08201 0.07677 0.07177 0.09058 0.09085 0.06851 0.07567 0.05586 0.09831 0.08455 0.07001 0.06579 0.06665 0.07329 0.08949 0.06892 0.11996 0.1055 0.08374 0.07231 0.06972 0.07616 0.09429 0.08057
usf1899_LCC_L1_MS_M.jpg 1 0.27152 0.23129 0.18683 0.48336 0.48301 0.18552 0.23154 0.21387 0.09716 0.07389 0.0546 0.04839 0.0496 0.05768 0.07826 0.08153 0.08073 0.07042 0.05673 0.05035 0.05116 0.05794 0.07262 0.06478 0.04735 0.04239 0.03574 0.19705 0.197 0.0356 0.04221 0.03528 0.04623 0.0445 0.03958 0.18704 0.18473 0.03414 0.03837 0.03223
usf1903_LCC_L1_CL_M.jpg 1 0.50318 0.23328 0.11714 0.09296 0.09164 0.11654 0.23234 0.48418 0.36561 0.15845 0.07313 0.05709 0.05597 0.07232 0.15789 0.35874 0.1062 0.04853 0.0238 0.01818 0.01813 0.02437 0.04885 0.10144 0.01592 0.01349 0.01025 0.00885 0.00872 0.00986 0.0128 0.012 0.01508 0.01266 0.00988 0.00876 0.00875 0.00989 0.01264 0.01167
usf1904_RMLO_L1_MS_M.jpg 1 0.49245 0.24351 0.13139 0.10759 0.11015 0.13603 0.2531 0.45899 0.0345 0.02685 0.01991 0.01731 0.01761 0.02093 0.02913 0.02826 0.02983 0.02405 0.01854 0.01636 0.01676 0.01954 0.02551 0.02261 0.37981 0.1619 0.073 0.05662 0.05754 0.07281 0.16342 0.3652 0.04585 0.03028 0.01976 0.01709 0.01801 0.02256 0.03464 0.04075
usf1911_RCC_L1_MS_B.jpg 0 0.42569 0.34488 0.26352 0.23286 0.2381 0.27752 0.36464 0.33154 0.10652 0.08653 0.06638 0.05829 0.0594 0.06916 0.09133 0.08321 0.10807 0.08949 0.0684 0.05999 0.06046 0.06965 0.09051 0.08166 0.10665 0.0845 0.06326 0.05587 0.05789 0.06868 0.09199 0.08422 0.10372 0.08394 0.06516 0.05832 0.05996 0.06973 0.09041 0.08194
usf1912_RCC_L1_MS_B.jpg 0 0.17418 0.15358 0.13995 0.53821 0.547 0.16993 0.19014 0.14052 0.02491 0.02186 0.02196 0.22068 0.22183 0.0295 0.03099 0.02147 0.02403 0.02288 0.02355 0.22304 0.22401 0.02811 0.02732 0.01885 0.06541 0.05594 0.04707 0.0457 0.04834 0.05386 0.06629 0.0527 0.0594 0.0527 0.0472 0.04815 0.05216 0.05823 0.06533 0.04726
usf1922_RCC_L1_MS_B.jpg 0 0.38531 0.34599 0.29599 0.27688 0.27678 0.29753 0.35118 0.28115 0.08853 0.08052 0.06983 0.06708 0.06782 0.07214 0.08292 0.0641 0.09116 0.08272 0.07192 0.06793 0.06726 0.07089 0.08176 0.06322 0.09976 0.08943 0.07612 0.07027 0.07089 0.07575 0.09118 0.07406 0.10509 0.09287 0.07771 0.07106 0.07032 0.07838 0.09492 0.07929
usf1922_RMLO_L1_MS_B.jpg 0 0.46536 0.31989 0.22353 0.19499 0.20185 0.23991 0.34061 0.39559 0.065 0.05431 0.04584 0.0441 0.04672 0.05341 0.06485 0.05156 0.11079 0.08088 0.05804 0.051 0.05212 0.05911 0.08134 0.09171 0.07593 0.06317 0.0502 0.04612 0.04984 0.059 0.07488 0.06382 0.2116 0.12057 0.06892 0.0534 0.05273 0.06779 0.11861 0.18646
usf1924_RMLO_L1_CL_B.jpg 0 0.40573 0.33989 0.27214 0.2509 0.25668 0.29217 0.36719 0.31061 0.09681 0.08444 0.06828 0.06213 0.06248 0.06877 0.08529 0.07023 0.10518 0.08569 0.06692 0.06105 0.06182 0.07164 0.09248 0.08149 0.09029 0.07592 0.06392 0.06178 0.06492 0.07321 0.08789 0.0679 0.11261 0.09343 0.07265 0.06538 0.06691 0.07808 0.10108 0.09049
usf1925_RMLO_L1_CL_B.jpg 0 0.3761 0.32108 0.2719 0.26198 0.27701 0.3156 0.37945 0.30483 0.09407 0.07924 0.06671 0.06477 0.06898 0.07894 0.09531 0.077 0.09142 0.0787 0.06842 0.06747 0.07248 0.08283 0.09729 0.07569 0.09351 0.08053 0.06728 0.06367 0.06605 0.07486 0.09138 0.07437 0.09649 0.08227 0.06916 0.0655 0.06893 0.07863 0.09513 0.07742
usf1929_LCC_L1_CL_M.jpg 1 0.26154 0.19753 0.16509 0.49502 0.49423 0.17321 0.20978 0.21057 0.0459 0.04294 0.04163 0.04402 0.04545 0.04652 0.04799 0.03281 0.14977 0.08876 0.05478 0.04641 0.04788 0.05926 0.09647 0.13436 0.03149 0.03264 0.03487 0.19919 0.1961 0.03149 0.02959 0.01891 0.0339 0.03287 0.03358 0.20488 0.20428 0.03575 0.03539 0.024
usf1929_LMLO_L1_CL_M.jpg 1 0.17537 0.17409 0.16941 0.55447 0.53918 0.15065 0.15584 0.10656 0.05688 0.05556 0.05126 0.04976 0.048 0.04686 0.05038 0.03626 0.0516 0.04812 0.04381 0.04316 0.04268 0.04234 0.0467 0.03243 0.03276 0.03417 0.03542 0.22894 0.22427 0.03113 0.02936 0.01863 0.03408 0.03619 0.03881 0.23204 0.22365 0.03022 0.02936 0.01923
usf1930_LMLO_L1_CL_M.jpg 1 0.43125 0.35806 0.2748 0.23857 0.23601 0.26859 0.34862 0.31898 0.13227 0.10469 0.07552 0.06326 0.06409 0.07672 0.10646 0.1064 0.09505 0.07931 0.06133 0.05432 0.05373 0.06043 0.07737 0.06654 0.10741 0.08963 0.06945 0.06157 0.06066 0.06825 0.0883 0.08049 0.09579 0.08406 0.0682 0.05905 0.05711 0.0629 0.07618 0.06524
usf1934_LCC_L1_CL_B.jpg 0 0.42317 0.35068 0.27572 0.2473 0.24858 0.27876 0.35372 0.31064 0.1029 0.08684 0.07021 0.06294 0.06321 0.06942 0.08643 0.07413 0.10684 0.08867 0.07099 0.06488 0.06495 0.07384 0.09322 0.08063 0.10636 0.08792 0.06749 0.05988 0.06016 0.06744 0.08696 0.07771 0.10636 0.08685 0.0667 0.05918 0.05979 0.06769 0.08672 0.07773
usf1935_RMLO_L1_CL_B.jpg 0 0.5039 0.23984 0.13001 0.10336 0.10337 0.13048 0.23503 0.45818 0.02981 0.02483 0.02013 0.01868 0.0195 0.02239 0.02766 0.02257 0.0424 0.03188 0.02276 0.01972 0.01979 0.02296 0.03153 0.03204 0.03461 0.02871 0.02214 0.01941 0.01924 0.02137 0.02758 0.02525 0.39288 0.15308 0.06436 0.04522 0.0445 0.06326 0.14713 0.37456
usf1940_LMLO_L1_MS_B.jpg 0 0.38505 0.35041 0.30776 0.2929 0.2884 0.29686 0.33893 0.25028 0.09615 0.08617 0.07513 0.07184 0.07113 0.07371 0.08495 0.06225 0.09735 0.08853 0.07833 0.07501 0.07321 0.0751 0.08498 0.06283 0.09391 0.08552 0.07443 0.07014 0.06955 0.07242 0.08267 0.06154 0.09701 0.08987 0.07954 0.07536 0.07391 0.07528 0.086 0.06335
usf1942_LMLO_L1_MS_B.jpg 0 0.53691 0.29482 0.16694 0.12569 0.11923 0.14588 0.25958 0.45808 0.07195 0.05347 0.03469 0.02735 0.02644 0.03145 0.04737 0.0551 0.30356 0.1239 0.05527 0.03977 0.03975 0.05373 0.12121 0.28513 0.06253 0.05595 0.04135 0.03271 0.02891 0.03141 0.04049 0.04146 0.09602 0.06018 0.03487 0.02546 0.02376 0.0286 0.04885 0.07339
usf1943_RCC_L1_MS_B.jpg 0 0.20568 0.19114 0.17443 0.52835 0.52803 0.1751 0.19191 0.13804 0.03953 0.0382 0.03687 0.21554 0.2155 0.0372 0.03859 0.0255 0.03844 0.03687 0.03575 0.21542 0.21597 0.03656 0.038 0.02502 0.06206 0.05684 0.0497 0.04741 0.04723 0.04936 0.05542 0.04189 0.06523 0.05903 0.05191 0.04937 0.04872 0.05178 0.05969 0.04541
usf1944_RCC_L1_CL_B.jpg 0 0.36025 0.33048 0.29697 0.28787 0.29594 0.31833 0.35532 0.27235 0.09926 0.09114 0.08183 0.07847 0.08016 0.08681 0.09775 0.0778 0.07959 0.07485 0.07068 0.07145 0.07539 0.08038 0.08604 0.06084 0.09809 0.08625 0.07353 0.06947 0.07084 0.07829 0.09244 0.07517 0.0826 0.07792 0.07065 0.06797 0.06908 0.07256 0.07874 0.05809
usf1945_LCC_L1_CL_B.jpg 0 0.37694 0.33996 0.29773 0.28437 0.28711 0.30392 0.34892 0.27397 0.09401 0.08441 0.07329 0.07005 0.0713 0.07614 0.08673 0.06709 0.1136 0.09544 0.07763 0.07059 0.07281 0.0831 0.10482 0.08941 0.08086 0.0785 0.07456 0.07498 0.0753 0.07451 0.07784 0.05684 0.08791 0.08131 0.07193 0.06819 0.06718 0.06987 0.07925 0.06037
usf1945_LMLO_L1_CL_B.jpg 0 0.43113 0.39575 0.31434 0.264 0.2446 0.25311 0.30953 0.26296 0.10539 0.09326 0.07589 0.06637 0.06297 0.06659 0.08178 0.06904 0.1163 0.10278 0.07852 0.0642 0.06011 0.06384 0.08136 0.07202 0.09705 0.09419 0.07752 0.06594 0.05994 0.05982 0.06864 0.05486 0.11187 0.10522 0.08211 0.06687 0.06101 0.06259 0.07751 0.06683
usf1948_LCC_L1_MS_B.jpg 0 0.39956 0.34747 0.29233 0.27295 0.27337 0.29096 0.34722 0.27642 0.12403 0.10517 0.08481 0.07549 0.07462 0.08073 0.09855 0.0882 0.11194 0.09336 0.07474 0.06932 0.07085 0.07944 0.10054 0.08411 0.08412 0.07695 0.0685 0.06524 0.06527 0.06612 0.07467 0.05226 0.07886 0.07168 0.06398 0.06247 0.06214 0.06433 0.07307 0.05159
usf1950_RCC_L1_MS_B.jpg 0 0.41877 0.34672 0.27313 0.24619 0.24919 0.28187 0.35823 0.31513 0.09731 0.08302 0.06835 0.06178 0.06156 0.06725 0.08154 0.06925 0.10453 0.08778 0.06922 0.06138 0.06141 0.06819 0.08726 0.0771 0.11314 0.08949 0.06723 0.06143 0.06347 0.07516 0.09977 0.09059 0.10301 0.0861 0.06805 0.06116 0.06229 0.07094 0.08927 0.07766
usf1953_RMLO_L1_CL_B.jpg 0 0.41107 0.31869 0.26174 0.24962 0.25699 0.28754 0.35535 0.33183 0.07144 0.06011 0.04927 0.04677 0.04938 0.05626 0.06847 0.05186 0.0741 0.06243 0.05228 0.05006 0.05422 0.06243 0.0757 0.05645 0.08989 0.07427 0.06247 0.06335 0.07191 0.08446 0.09808 0.08011 0.17151 0.12065 0.09725 0.08898 0.08098 0.08386 0.11204 0.13963
usf1954_LCC_L1_CL_B.jpg 0 0.42772 0.35802 0.28154 0.25275 0.2499 0.27351 0.34075 0.29848 0.14569 0.1102 0.07794 0.06568 0.06366 0.07321 0.10049 0.10679 0.09563 0.08724 0.07294 0.06713 0.06544 0.0682 0.07936 0.06225 0.09244 0.07987 0.065 0.05891 0.05945 0.0654 0.07948 0.06379 0.09336 0.08038 0.06536 0.06061 0.0609 0.0664 0.08112 0.06534
usf1982_LCC_L1_MS_B.jpg 0 0.51702 0.24718 0.12598 0.09908 0.09943 0.12776 0.24703 0.49784 0.23624 0.10934 0.05275 0.03939 0.03951 0.05222 0.10803 0.22739 0.25843 0.11799 0.05598 0.04323 0.04295 0.05724 0.11811 0.25486 0.01089 0.00983 0.00853 0.00804 0.00808 0.0085 0.00974 0.00726 0.01084 0.00971 0.00846 0.00824 0.00871 0.00953 0.01088 0.00784
usf1982_LMLO_L1_MS_B.jpg 0 0.52221 0.2433 0.11999 0.09082 0.09047 0.11783 0.24218 0.51265 0.2461 0.10777 0.04933 0.03594 0.0362 0.04901 0.10878 0.24604 0.24327 0.10746 0.04904 0.03658 0.03648 0.0488 0.10729 0.24066 0.01474 0.01366 0.01109 0.00947 0.00896 0.00968 0.01182 0.01081 0.01743 0.01406 0.01034 0.00871 0.0087 0.01016 0.01395 0.01448
usf1983_LMLO_L1_CL_M.jpg 1 0.39767 0.39599 0.34524 0.29947 0.26754 0.25947 0.29363 0.22501 0.10314 0.10051 0.08569 0.07491 0.06789 0.06843 0.07889 0.06217 0.09124 0.08536 0.07427 0.06725 0.06295 0.06324 0.07217 0.05337 0.10471 0.10878 0.09674 0.08274 0.07168 0.06733 0.07493 0.05836 0.09793 0.10099 0.08823 0.07406 0.06461 0.06025 0.0674 0.05087
usf1986_RMLO_L1_MS_M.jpg 1 0.38046 0.32785 0.28598 0.28127 0.29073 0.31393 0.3647 0.25882 0.08304 0.07211 0.0644 0.06361 0.06556 0.07053 0.08082 0.05234 0.07919 0.07111 0.06486 0.06548 0.06779 0.06989 0.07657 0.04896 0.12232 0.10257 0.08544 0.08274 0.08586 0.09689 0.11818 0.09454 0.09486 0.08176 0.07101 0.06892 0.071 0.07633 0.08873 0.06229
usf1987_RCC_L1_MS_M.jpg 1 0.23368 0.20898 0.17976 0.50598 0.51073 0.18576 0.21457 0.17571 0.0449 0.04145 0.03837 0.20513 0.20714 0.04069 0.04407 0.03321 0.04497 0.04003 0.03557 0.20319 0.20533 0.03759 0.04206 0.03262 0.07813 0.06789 0.05514 0.05001 0.05071 0.05634 0.06852 0.06109 0.06518 0.05939 0.05048 0.04704 0.04694 0.05091 0.05965 0.04844
usf1999_RMLO_L1_MS_M.jpg 1 0.48943 0.26344 0.15298 0.1242 0.12603 0.1576 0.2717 0.44541 0.05462 0.04062 0.02844 0.02385 0.02367 0.02788 0.04025 0.04442 0.03721 0.03279 0.02631 0.02311 0.0226 0.02465 0.03013 0.0258 0.35841 0.16116 0.07618 0.05693 0.05738 0.07728 0.16298 0.3403 0.03753 0.0284 0.02186 0.02005 0.02213 0.02759 0.03781 0.03307
usf3002_LCC_L1_MS_B.jpg 0 0.31108 0.31541 0.32318 0.33977 0.33878 0.3195 0.31435 0.21794 0.0667 0.06068 0.05758 0.05862 0.05917 0.05934 0.0629 0.04172 0.04994 0.04532 0.04281 0.04488 0.04518 0.04341 0.04491 0.02621 0.09771 0.09861 0.1008 0.10973 0.11714 0.11616 0.11492 0.08283 0.09673 0.1108 0.12199 0.12654 0.1173 0.10059 0.09162 0.06718
usf3002_LCC_L2_CL_M.jpg 1 0.16881 0.15406 0.14585 0.54845 0.55428 0.15758 0.16706 0.11218 0.0283 0.0273 0.0265 0.22978 0.23107 0.02852 0.02903 0.02097 0.02919 0.02763 0.02695 0.22266 0.22465 0.02954 0.03093 0.02276 0.05667 0.05137 0.04765 0.04887 0.04992 0.04997 0.05379 0.03454 0.05466 0.04775 0.04475 0.04714 0.04863 0.04955 0.05331 0.03391
usf3002_LMLO_L2_CL_M.jpg 1 0.2711 0.23736 0.20323 0.44648 0.46001 0.23593 0.28046 0.23462 0.05548 0.04822 0.04182 0.16996 0.17338 0.05024 0.05877 0.04781 0.06931 0.06164 0.05356 0.17228 0.17694 0.06273 0.07392 0.06252 0.05028 0.04454 0.04028 0.04079 0.04196 0.04358 0.04873 0.03513 0.09602 0.08295 0.06758 0.06345 0.06773 0.07939 0.09903 0.08916
usf3003_RMLO_L1_CL_M.jpg 1 0.18164 0.18466 0.19161 0.5179 0.53299 0.22385 0.21158 0.14776 0.06505 0.06845 0.07143 0.07538 0.07704 0.07536 0.07265 0.055 0.04765 0.04844 0.05191 0.06215 0.07311 0.07498 0.06629 0.0424 0.03354 0.03355 0.03422 0.18996 0.19171 0.03735 0.03603 0.02453 0.03539 0.03422 0.03406 0.19041 0.19112 0.03616 0.03661 0.02584
usf3005_LMLO_L2_CL_M.jpg 1 0.3238 0.31076 0.29007 0.29508 0.31176 0.33851 0.36133 0.29051 0.08549 0.08331 0.07873 0.07867 0.08172 0.0863 0.09124 0.07483 0.08464 0.08082 0.07488 0.07586 0.07984 0.08756 0.09496 0.07729 0.07848 0.07539 0.07055 0.07423 0.0813 0.09063 0.09361 0.07213 0.07519 0.07125 0.0659 0.06632 0.0689 0.07402 0.08151 0.06626
usf3005_LMLO_L3_CL_M.jpg 1 0.3212 0.31232 0.29339 0.29585 0.314 0.33794 0.35856 0.28768 0.07998 0.07676 0.07122 0.07089 0.07374 0.07862 0.08462 0.06726 0.08301 0.07753 0.07036 0.0692 0.07389 0.08181 0.09138 0.07341 0.07038 0.06666 0.06209 0.06452 0.07283 0.08127 0.08548 0.06943 0.08783 0.09136 0.08971 0.09124 0.09354 0.09625 0.09707 0.07757
usf3007_LCC_L1_CL_M.jpg 1 0.35587 0.32892 0.28809 0.27198 0.28028 0.31163 0.36303 0.3151 0.09211 0.08581 0.07494 0.07022 0.07184 0.07986 0.09346 0.08044 0.07661 0.06949 0.06044 0.05781 0.06014 0.06716 0.07798 0.06559 0.10014 0.09051 0.07817 0.07275 0.07463 0.08426 0.10071 0.09264 0.08702 0.08311 0.07454 0.0712 0.07367 0.08035 0.09088 0.07643
usf3007_LMLO_L1_CL_M.jpg 1 0.34469 0.32129 0.28562 0.27676 0.28917 0.32006 0.36746 0.31046 0.08898 0.08347 0.07491 0.07349 0.07695 0.08541 0.09544 0.07961 0.06923 0.06266 0.05778 0.05846 0.06267 0.06851 0.07654 0.05992 0.08676 0.08029 0.06919 0.06583 0.06844 0.07782 0.09296 0.08105 0.09972 0.09488 0.08375 0.07897 0.08111 0.08833 0.10252 0.08988
usf3009_RMLO_L1_CL_M.jpg 1 0.19737 0.221 0.2184 0.53825 0.51488 0.16144 0.16425 0.13864 0.06765 0.06998 0.06539 0.05996 0.05581 0.05642 0.06046 0.05052 0.07412 0.086 0.08481 0.07488 0.06421 0.0582 0.05876 0.05107 0.02657 0.02818 0.02877 0.19554 0.19325 0.02294 0.02279 0.01844 0.02903 0.03683 0.03943 0.20787 0.20161 0.02388 0.02224 0.0186
usf3010_RCC_L2_MS_M.jpg 1 0.31856 0.32053 0.31112 0.31731 0.32511 0.32943 0.33814 0.26343 0.07739 0.07787 0.07538 0.07657 0.07886 0.08078 0.08191 0.06392 0.08525 0.08585 0.08221 0.08412 0.08674 0.08837 0.09137 0.07233 0.07765 0.07777 0.07477 0.07532 0.0765 0.07744 0.08046 0.06215 0.07826 0.07904 0.07876 0.0813 0.08302 0.08283 0.08441 0.06504
usf3012_RMLO_L1_MS_M.jpg 1 0.35006 0.34932 0.32419 0.30562 0.29608 0.29961 0.3255 0.26943 0.09506 0.09334 0.08534 0.08145 0.08078 0.0843 0.09371 0.07889 0.08219 0.08355 0.07928 0.07348 0.0697 0.06889 0.07304 0.05959 0.09096 0.08891 0.08167 0.07841 0.07789 0.07927 0.08575 0.07153 0.08185 0.08353 0.0779 0.07229 0.06771 0.06716 0.073 0.05942
usf3013_RCC_L2_MS_M.jpg 1 0.17126 0.16233 0.15555 0.55355 0.55096 0.14958 0.15698 0.10358 0.06061 0.05838 0.05625 0.05655 0.05589 0.05489 0.05757 0.04034 0.05248 0.04941 0.04595 0.04544 0.04391 0.04278 0.04662 0.03084 0.02719 0.02582 0.02588 0.22529 0.22493 0.02476 0.02455 0.01444 0.03098 0.02872 0.02748 0.22627 0.22623 0.02714 0.02824 0.01796
usf3016_RCC_L1_MS_M.jpg 1 0.18251 0.19049 0.18101 0.54463 0.53464 0.1597 0.16588 0.13627 0.08105 0.0881 0.08303 0.07625 0.07057 0.06877 0.07091 0.06081 0.06383 0.06544 0.06252 0.05953 0.0575 0.05714 0.0598 0.04773 0.02067 0.01987 0.01909 0.20655 0.20502 0.01856 0.01964 0.01598 0.01696 0.01707 0.01637 0.2023 0.20155 0.01523 0.01552 0.01175
usf3016_RMLO_L1_MS_M.jpg 1 0.22802 0.23501 0.22537 0.49776 0.49225 0.20988 0.22049 0.18138 0.07116 0.07213 0.06808 0.06527 0.06498 0.06675 0.0709 0.0591 0.05876 0.06261 0.06177 0.05987 0.05649 0.05461 0.05622 0.04491 0.04779 0.04915 0.04722 0.1881 0.18777 0.04476 0.04703 0.03837 0.05031 0.05113 0.0483 0.18452 0.18301 0.04377 0.04634 0.03901
usf3018_LMLO_L1_MS_M.jpg 1 0.33109 0.3173 0.29612 0.29372 0.30752 0.33186 0.35778 0.28803 0.08174 0.07656 0.07109 0.07043 0.07473 0.08165 0.0898 0.073 0.08125 0.07736 0.073 0.07289 0.07673 0.0831 0.08915 0.07077 0.08498 0.08149 0.07562 0.07426 0.07718 0.08339 0.08941 0.07293 0.08312 0.0819 0.07641 0.07615 0.07888 0.08372 0.08942 0.07133
usf3021_LCC_L2_MS_M.jpg 1 0.33943 0.33213 0.31 0.3044 0.30764 0.31836 0.34058 0.27058 0.08202 0.08093 0.07635 0.07547 0.07513 0.07646 0.0812 0.06376 0.08922 0.08709 0.08089 0.07916 0.08007 0.08396 0.0904 0.07246 0.09007 0.08854 0.08207 0.08044 0.08057 0.08251 0.08939 0.07204 0.07812 0.07557 0.07069 0.06933 0.07187 0.07544 0.07959 0.06232
usf3022_RMLO_L1_MS_M.jpg 1 0.3469 0.33738 0.30829 0.2974 0.29662 0.31098 0.34178 0.28416 0.08485 0.08141 0.07393 0.0723 0.07297 0.07777 0.08533 0.07081 0.08751 0.08381 0.07623 0.07294 0.07265 0.07746 0.08522 0.071 0.0843 0.08368 0.07763 0.07598 0.07557 0.0769 0.08354 0.06849 0.09024 0.08847 0.0805 0.07618 0.07543 0.07885 0.08768 0.07387
usf3024_RCC_L1_MS_B.jpg 0 0.30259 0.33014 0.34911 0.35569 0.33554 0.31051 0.30088 0.21857 0.06701 0.08959 0.10325 0.09943 0.07773 0.06091 0.05413 0.04331 0.07541 0.08418 0.09597 0.10826 0.11075 0.10289 0.09107 0.06232 0.08232 0.08153 0.07865 0.07671 0.07509 0.07459 0.0783 0.05724 0.07784 0.07484 0.07124 0.0713 0.07197 0.07212 0.07737 0.05571
usf3025_RCC_L2_MS_M.jpg 1 0.29964 0.31515 0.32244 0.38446 0.36492 0.2858 0.29418 0.23455 0.07937 0.09428 0.10969 0.1056 0.08772 0.07745 0.07578 0.06113 0.08465 0.08553 0.08262 0.08092 0.08083 0.08147 0.08547 0.06866 0.06911 0.06776 0.06503 0.1008 0.09997 0.06594 0.06976 0.05472 0.0665 0.06758 0.0651 0.09714 0.09639 0.06094 0.06318 0.05005
usf3025_RMLO_L2_CL_M.jpg 1 0.2096 0.20935 0.19814 0.51483 0.51391 0.19665 0.20766 0.16758 0.08154 0.08078 0.0752 0.07159 0.07112 0.07521 0.08181 0.06967 0.07151 0.07276 0.06794 0.06524 0.06339 0.06474 0.0684 0.05591 0.02569 0.02466 0.0244 0.18364 0.18446 0.02547 0.02584 0.0184 0.03087 0.03115 0.0306 0.19435 0.19495 0.03124 0.03161 0.0236
