usf0001_RCC_L1_MS_M.jpg 5 0 0 0 1 1 1 653 6.504 6.486 1 1 1
usf0004_RCC_L1_MS_M.jpg 5 19.222 19.223 19.209 8 7 7 12.987 12.837 12.755 1 1 1
usf0006_RMLO_L1_MS_M.jpg 5 0 0 0 14.242 14.123 14.071 71.712 7.148 71.367 1 1 1
usf0007_RMLO_L1_CL_B.jpg 4 0 0 0 0 0 0 19.456 19.361 19.301 1 1 1
usf0008_RCC_L2_CL_B.jpg 4 71.395 71.423 71.429 2.559 228 2.171 44.733 44.415 44.287 1 1 1
usf0014_RCC_L1_MS_M.jpg 5 6.337 6.312 6.287 0 0 0 26 22 2 1 1 1
usf0015_RCC_L1_MS_M.jpg 5 47.692 47.725 47.726 16 1 7 49.544 49.446 49.386 1 1 1
usf0015_RMLO_L1_MS_M.jpg 5 42.529 42.513 42.494 0 0 0 3.052 3.028 3.011 1 1 1
usf0017_LCC_L1_MS_M.jpg 4 0 0 0 262 243 234 49.462 49.417 49.386 1 1 1
usf0017_LMLO_L1_MS_M.jpg 4 0 0 0 52 48 46 40.359 40.319 40.287 1 1 1
usf0022_RMLO_L1_MS_M.jpg 5 1 1 1 0 0 0 12.025 11.944 11.892 88.299 88.271 88.272
usf0022_RMLO_L2_MS_M.jpg 5 19.747 19.786 19.789 0 0 0 41.382 41.146 41.018 1 1 1
usf0024_LCC_L1_MS_B.jpg 3 0 0 0 0 0 0 1.776 1.755 1.741 1 1 1
usf0024_LMLO_L1_MS_M.jpg 5 16.637 16.613 16.589 0 0 0 0 0 0 1 1 1
usf0024_LMLO_L2_MS_B.jpg 5 0 0 0 1 1 1 5.945 5.911 5.888 1 1 1
usf0024_RMLO_L1_MS_B.jpg 3 0 0 0 0 0 0 0 0 0 1 1 1
usf0026_LCC_L1_CL_M.jpg 4 0 0 0 2.274 2.104 203 34.281 34.073 33.974 1 1 1
usf0027_LMLO_L1_MS_M.jpg 5 0 0 0 0 0 0 19.658 19.543 19.478 1 1 1
usf0034_RCC_L1_MS_M.jpg 5 0 0 0 8.484 8.432 8.405 24.882 24.792 24.742 1 1 1
usf0036_RCC_L1_CL_M.jpg 4 21.356 21.337 21.314 357 352 348 11.607 11.558 11.526 1 1 1
usf0036_RMLO_L1_CL_M.jpg 4 0 0 0 487 4.828 4.793 39.644 3.958 39.541 1 1 1
usf0038_LCC_L1_MS_B.jpg 4 0 0 0 0 0 0 0 0 0 1 1 1
usf0038_LMLO_L1_MS_B.jpg 4 0 0 0 0 0 0 0 0 0 1 1 1
usf0038_LMLO_L2_CL_M.jpg 4 0 0 0 0 0 0 22.153 22.103 22.068 1 1 1
usf0040_LMLO_L1_MS_M.jpg 3 0 0 0 2.901 2.844 2.819 42.517 42.421 42.375 1 1 1
usf0043_RCC_L1_MS_M.jpg 5 0 0 0 895 813 778 44.938 4.469 44.564 1 1 1
usf0045_RCC_L1_CL_M.jpg 5 0 0 0 0 0 0 1.061 1.045 1.034 1 1 1
usf0057_RCC_L1_CL_M.jpg 4 0 0 0 0 0 0 0 0 0 1 1 1
usf0060_RCC_L1_MS_B.jpg 3 0 0 0 0 0 0 4.157 4.057 0.04 1 1 1
usf0060_RMLO_L1_MS_B.jpg 3 0 0 0 0 0 0 3.122 3.084 3.058 1 1 1
usf0061_RMLO_L1_MS_M.jpg 5 0 0 0 342 319 306 1 1 1 88.815 88.804 8.879
usf0062_LMLO_L1_MS_M.jpg 4 0 0 0 0 0 0 0 0 0 1 1 1
usf0063_RMLO_L2_CL_M.jpg 5 11.558 11.533 11.508 0 0 0 0 0 0 1 1 1
usf0067_LMLO_L1_MS_M.jpg 4 6.226 6.201 6.176 0 0 0 22 17 15 1 1 1
usf0068_RCC_L2_MS_M.jpg 5 0 0 0 0 0 0 3.303 3.286 3.274 1 1 1
usf0068_RMLO_L1_CL_M.jpg 5 0 0 0 0 0 0 83.917 83.841 83.806 1 1 1
usf0069_RMLO_L1_MS_M.jpg 5 0 0 0 4.658 4.632 4.609 13.829 13.766 13.724 1 1 1
usf0074_LCC_L1_MS_M.jpg 5 0 0 0 5.806 5.766 5.735 32.114 31.999 31.938 1 1 1
usf0074_LMLO_L1_MS_M.jpg 5 0 0 0 2.715 2.702 2.691 25.587 2.553 25.488 1 1 1
usf0075_LCC_L1_MS_M.jpg 5 0 0 0 0 0 0 5.772 5.731 5.706 1 1 1
usf0078_LCC_L5_CL_M.jpg 5 0 0 0 27.242 27.081 27.007 54.045 53.824 53.723 1 1 1
usf0080_LMLO_L1_MS_M.jpg 4 0 0 0 0 0 0 0 0 0 1 1 1
usf0086_RMLO_L1_MS_M.jpg 5 0 0 0 437 42 41 31.643 31.486 31.406 1 1 1
usf0087_LCC_L2_CL_M.jpg 5 0 0 0 15.733 15.718 15.701 23.568 23.488 23.435 1 1 1
usf0091_LCC_L1_MS_M.jpg 5 51.293 51.356 51.384 0 0 0 2.101 20.858 20.761 1 1 1
usf0092_RCC_L1_CL_M.jpg 5 1.463 14.605 14.581 0 0 0 0 0 0 1 1 1
usf0096_RMLO_L1_CL_M.jpg 5 0 0 0 0 0 0 19.955 19.595 19.399 1 1 1
usf0098_RCC_L1_MS_M.jpg 4 4.258 42.559 42.538 78 7 66 7.174 7.148 7.129 1 1 1
usf0100_RMLO_L1_MS_M.jpg 5 0 0 0 874 855 846 24.089 23.941 23.858 1 1 1
usf0101_RMLO_L1_MS_M.jpg 5 6.788 6.763 6.738 0 0 0 0 0 0 1 1 1
usf0102_LCC_L1_MS_B.jpg 3 39.622 39.787 39.866 0 0 0 29.982 29.645 2.946 1 1 1
usf0104_LCC_L1_MS_M.jpg 5 52.171 52.152 52.134 0 0 0 0 0 0 1 1 1
usf0105_RMLO_L1_MS_M.jpg 4 0 0 0 0 0 0 1 1 1 74.923 74.823 74.775
usf0106_LMLO_L1_CL_M.jpg 4 0 0 0 0 0 0 0 0 0 1 1 1
usf0107_LMLO_L1_MS_M.jpg 5 53.681 53.735 53.754 0 0 0 19.831 19.715 19.651 1 1 1
usf0110_RCC_L1_MS_M.jpg 5 24.418 24.403 24.378 18.325 18.302 18.282 26.035 25.942 25.886 1 1 1
usf0113_LCC_L1_MS_M.jpg 5 51.285 5.132 51.321 8.536 8.504 8.487 0.53 52.893 52.836 1 1 1
usf0115_RMLO_L1_MS_M.jpg 5 31.853 31.838 31.818 0 0 0 788 76 744 1 1 1
usf0118_LMLO_L1_MS_M.jpg 5 0 0 0 1.644 1.611 1.595 33.065 32.984 32.939 1 1 1
usf0119_LMLO_L1_MS_M.jpg 4 0 0 0 26.104 2.606 26.034 1 1 1 867 817 784
usf0124_LMLO_L1_MS_M.jpg 4 0 0 0 0 0 0 0 0 0 1 1 1
usf0125_RCC_L1_MS_M.jpg 4 74.035 74.039 74.033 1.078 1.067 1.058 23.458 23.393 23.339 1 1 1
usf0125_RMLO_L1_MS_M.jpg 4 5.632 56.331 56.326 0 0 0 30.721 30.642 30.585 1 1 1
usf0126_RMLO_L1_CL_M.jpg 4 13.587 13.563 13.538 0 0 0 0 0 0 1 1 1
usf0128_RMLO_L1_MS_M.jpg 5 0 0 0 0 0 0 4.043 3.936 3.875 1 1 1
usf0132_LCC_L1_CL_M.jpg 4 0 0 0 0 0 0 828 785 76 1 1 1
usf0135_LCC_L1_MS_M.jpg 4 87.496 88.377 88.827 0 0 0 1 1 1 93.824 93.755 93.717
usf0135_LMLO_L1_MS_M.jpg 4 8.649 8.648 8.631 0 0 0 1 1 1 45.446 45.195 45.047
usf0140_RMLO_L1_MS_M.jpg 4 0 0 0 0 0 0 2.471 2.255 2.149 1 1 1
usf0142_LMLO_L1_MS_M.jpg 3 0 0 0 0 0 0 6.656 6.588 6.542 1 1 1
usf0143_RMLO_L1_MS_M.jpg 5 0 0 0 0 0 0 866 831 8.123 1 1 1
usf0145_RCC_L1_MS_B.jpg 4 0 0 0 14.157 13.469 13.239 4.468 43.948 4.369 1 1 1
usf0146_LMLO_L2_MS_M.jpg 5 18.858 18.834 18.809 0 0 0 0 0 0 1 1 1
usf0148_LMLO_L1_MS_M.jpg 4 0 0 0 365 309 284 73.255 73.139 73.073 1 1 1
usf0149_RCC_L1_MS_M.jpg 4 0 0 0 33.709 33.513 33.447 68.374 6.816 68.086 1 1 1
usf0149_RMLO_L1_MS_M.jpg 4 0 0 0 25 18 16 29.439 29.301 29.221 1 1 1
usf0150_LCC_L2_CL_M.jpg 4 0 0 0 0 0 0 16.741 16.581 16.488 1 1 1
usf0151_RCC_L1_CL_M.jpg 4 37.591 37.762 37.845 0 0 0 1 1 1 45.229 44.896 4.469
usf0153_LCC_L1_MS_M.jpg 4 47.452 47.441 47.425 0 0 0 1.156 113 1.115 1 1 1
usf0154_RCC_L1_MS_M.jpg 4 11.465 11.441 11.414 3.242 3.208 3.192 21.284 21.187 21.127 1 1 1
usf0155_RCC_L1_MS_M.jpg 5 0 0 0 772 602 545 69.951 69.739 69.652 1 1 1
usf0156_RMLO_L1_MS_M.jpg 5 0 0 0 0 0 0 3.345 32.984 32.722 1 1 1
usf0157_LMLO_L1_MS_M.jpg 4 0 0 0 14.284 14.186 14.155 1 1 1 86.377 86.469 86.492
usf0157_LMLO_L2_MS_M.jpg 4 0 0 0 1 1 1 26.556 26.406 2.631 1 1 1
usf0164_LMLO_L1_MS_M.jpg 4 0 0 0 0 0 0 0 0 0 1 1 1
usf0165_LCC_L1_MS_M.jpg 5 0 0 0 19 13 11 1 1 1 68.356 67.878 67.602
usf0167_RMLO_L1_CL_M.jpg 5 0 0 0 6.996 6.731 6.635 1 1 1 1.653 1.629 1.614
usf0168_RCC_L1_MS_M.jpg 4 0 0 0 34.365 3.334 32.947 61.368 60.269 59.824 1 1 1
usf0169_RMLO_L1_CL_M.jpg 4 0 0 0 0 0 0 1 1 1 71.042 70.786 70.658
usf0171_RCC_L1_CL_M.jpg 4 59.249 59.235 5.922 0 0 0 12 8 6 1 1 1
usf0171_RMLO_L1_CL_M.jpg 4 0 0 0 0 0 0 48.241 47.948 47.787 1 1 1
usf0174_RCC_L2_MS_M.jpg 4 0 0 0 0 0 0 16.071 1.534 14.916 1 1 1
usf0174_RMLO_L3_MS_M.jpg 4 0 0 0 5.579 5.446 5.382 7.769 77.521 77.441 1 1 1
usf0175_LMLO_L1_MS_M.jpg 5 0 0 0 0 0 0 18.049 17.765 17.592 1 1 1
usf0177_LCC_L1_MS_M.jpg 4 0 0 0 0 0 0 12.954 12.763 1.265 1 1 1
usf0177_LMLO_L1_MS_M.jpg 4 0 0 0 0 0 0 6.931 6.847 6.793 1 1 1
usf0181_RCC_L1_MS_M.jpg 5 0 0 0 0 0 0 13.558 13.288 13.139 1 1 1
usf0181_RMLO_L1_MS_M.jpg 5 0 0 0 0 0 0 53.158 52.562 52.185 1 1 1
usf0183_RCC_L1_MS_M.jpg 3 27.365 27.348 27.328 0 0 0 4.134 4.096 407 1 1 1
usf0183_RMLO_L1_MS_M.jpg 4 0 0 0 45.084 44.989 44.957 59.774 59.543 5.944 1 1 1
usf0185_LMLO_L1_MS_M.jpg 5 1.546 152 1.494 0 0 0 4.557 451 448 1 1 1
usf0186_LMLO_L1_MS_B.jpg 4 0 0 0 0 0 0 1 1 1 68.689 68.586 68.528
usf0187_LMLO_L1_MS_M.jpg 5 0 0 0 0 0 0 20.039 19.827 19.705 1 1 1
usf0190_RMLO_L1_CL_M.jpg 5 0 0 0 0 0 0 0 0 0 1 1 1
usf0191_LMLO_L1_MS_M.jpg 5 0 0 0 0 0 0 70.808 70.377 70.126 1 1 1
usf0194_RCC_L1_CL_M.jpg 5 0 0 0 0 0 0 60.394 60.312 60.258 1 1 1
usf0195_RMLO_L1_MS_M.jpg 5 56.007 55.964 5.592 0 0 0 0 0 0 1 1 1
usf0196_LMLO_L1_MS_M.jpg 5 0 0 0 0 0 0 1 1 1 65.685 65.497 65.375
usf0199_LCC_L1_CL_M.jpg 5 27.728 27.706 27.683 0 0 0 8.864 8.833 8.809 1 1 1
usf0204_LMLO_L1_MS_M.jpg 5 0 0 0 0 0 0 35.298 35.217 35.162 1 1 1
usf0205_LMLO_L1_MS_M.jpg 4 0 0 0 0 0 0 778 724 692 1 1 1
usf0206_LCC_L1_MS_M.jpg 4 0 0 0 9.018 8.274 8.041 69.373 68.465 6.813 1 1 1
usf0210_LCC_L1_MS_M.jpg 4 0 0 0 2 2 1 6.878 6.857 6.839 1 1 1
usf0210_LMLO_L1_MS_M.jpg 4 0 0 0 0 0 0 4 3 3 1 1 1
usf0212_RCC_L1_MS_M.jpg 4 9.587 96.556 96.944 0 0 0 28.596 28.093 27.811 1 1 1
usf0216_LMLO_L1_MS_M.jpg 4 0 0 0 0 0 0 2.101 1.977 1.903 1 1 1
usf0220_LCC_L1_CL_M.jpg 5 16.606 16.588 16.566 0 0 0 18.117 18.044 17.997 1 1 1
usf0223_RMLO_L1_MS_B.jpg 3 0 0 0 0 0 0 29.104 29.014 28.954 1 1 1
usf0223_RMLO_L2_CL_M.jpg 3 0 0 0 1.326 1.207 1.159 1 1 1 64.992 65.012 65.012
usf0229_LCC_L1_MS_B.jpg 3 39.749 39.767 39.766 0 0 0 20.277 20.155 20.073 1 1 1
usf0229_LCC_L2_MS_M.jpg 3 0 0 0 0 0 0 34.112 33.848 33.676 1 1 1
usf0229_RCC_L1_MS_B.jpg 3 0 0 0 181 177 174 19.555 19.312 19.168 1 1 1
usf0230_RCC_L1_MS_M.jpg 5 0 0 0 456 411 394 33.829 33.667 33.579 1 1 1
usf0230_RMLO_L1_MS_M.jpg 5 0 0 0 0 0 0 1 1 1 9.303 8.914 8.677
usf0231_LCC_L1_CL_B.jpg 4 0 0 0 0 0 0 1.887 1.843 1.817 1 1 1
usf0231_LMLO_L1_CL_B.jpg 4 0 0 0 0 0 0 7.688 7.615 7.569 1 1 1
usf0232_RMLO_L1_CL_M.jpg 5 0 0 0 4.565 4.511 4.484 56.964 5.675 56.613 1 1 1
usf0234_RCC_L1_MS_B.jpg 4 0 0 0 27.163 27.031 26.981 1 1 1 87.448 87.592 87.629
usf0236_RCC_L2_CL_B.jpg 4 0 0 0 0 0 0 0 0 0 1 1 1
usf0236_RCC_L3_CL_B.jpg 4 0 0 0 0 0 0 34 22 17 1 1 1
usf0251_RMLO_L1_MS_B.jpg 4 17.382 1.736 17.333 29 25 23 27.268 27.217 27.188 1 1 1
usf0257_LMLO_L1_CL_B.jpg 3 4.472 445 4.426 0 0 0 1.012 9.981 9.894 1 1 1
usf0270_RCC_L1_MS_B.jpg 3 33.559 33.578 33.574 8.769 8.751 8.738 27.235 27.096 27.019 1 1 1
usf0271_LCC_L1_CL_B.jpg 4 0 0 0 11 7 6 22.321 22.225 22.167 1 1 1
usf0272_LCC_L2_MS_B.jpg 4 0 0 0 18 12 11 24.244 24.133 24.057 1 1 1
usf0272_LMLO_L1_CL_B.jpg 4 0 0 0 2 1 1 60.797 60.741 60.704 1 1 1
usf0273_LCC_L1_MS_B.jpg 4 0 0 0 0 0 0 16.727 16.621 16.557 1 1 1
usf0274_LCC_L1_MS_B.jpg 3 13.464 1.344 13.415 0 0 0 14 12 1 1 1 1
usf0277_LCC_L1_MS_B.jpg 3 0 0 0 451 359 326 44.155 43.946 43.843 1 1 1
usf0278_RCC_L1_MS_B.jpg 4 0 0 0 0 0 0 13.787 13.534 13.391 1 1 1
usf0281_LMLO_L1_CL_B.jpg 4 0 0 0 0 0 0 7.536 709 6.871 1 1 1
usf0282_LCC_L1_MS_B.jpg 4 0 0 0 12 82 69 1 1 1 21.653 21.618 21.592
usf0285_RMLO_L1_CL_B.jpg 4 0 0 0 0 0 0 0 0 0 1 1 1
usf0289_LMLO_L1_MS_B.jpg 4 0 0 0 0 0 0 1 1 1 97.046 97.047 97.049
usf0300_LMLO_L1_CL_B.jpg 4 0 0 0 0 0 0 6.675 66.695 66.655 1 1 1
usf0303_LMLO_L1_MS_B.jpg 3 0 0 0 0 0 0 1.825 1.788 1.764 1 1 1
usf0304_RCC_L2_CL_B.jpg 3 0 0 0 0 0 0 49 36 29 1 1 1
usf0305_RCC_L1_MS_B.jpg 4 0 0 0 0 0 0 723 613 561 1 1 1
usf0306_RCC_L2_MS_B.jpg 4 40.333 40.392 40.409 124 118 115 5.528 55.168 55.105 1 1 1
usf0307_RCC_L2_CL_B.jpg 4 0 0 0 0 0 0 2.823 2.772 2.743 1 1 1
usf0307_RMLO_L3_MS_B.jpg 4 33.191 33.466 33.587 0 0 0 55.809 5.541 55.215 1 1 1
usf0308_RMLO_L1_MS_B.jpg 3 0 0 0 11.919 11.686 116 1 1 1 437 4.318 4.285
usf0310_LCC_L1_CL_B.jpg 4 0 0 0 0 0 0 89 74 65 1 1 1
usf0310_LMLO_L1_CL_B.jpg 4 0 0 0 0 0 0 1.024 973 942 1 1 1
usf0311_RCC_L1_MS_B.jpg 3 0 0 0 0 0 0 1 1 1 98.426 98.434 98.441
usf0311_RMLO_L1_MS_B.jpg 3 0 0 0 42 31 27 1 1 1 93.568 93.587 936
usf0314_RCC_L1_MS_B.jpg 3 0 0 0 0 0 0 1.159 1.113 1.086 1 1 1
usf0316_RCC_L1_MS_B.jpg 3 0 0 0 0 0 0 20.653 20.515 20.427 1 1 1
usf0316_RMLO_L1_MS_B.jpg 3 0 0 0 0 0 0 8.074 8.027 7.996 1 1 1
usf0317_LCC_L1_CL_B.jpg 4 33.266 33.545 33.674 0 0 0 1 1 1 35.051 34.421 34.085
usf0318_LCC_L1_MS_B.jpg 3 0 0 0 0 0 0 666 607 579 1 1 1
usf0320_LCC_L1_CL_B.jpg 4 0 0 0 0 0 0 1 1 1 90.818 90.814 90.816
usf0321_RCC_L1_MS_B.jpg 3 0 0 0 0 0 0 1.357 1.328 1.311 1 1 1
usf0324_RCC_L1_MS_B.jpg 3 15.491 15.471 15.445 0 0 0 27.616 27.534 27.481 1 1 1
usf0326_LMLO_L1_MS_B.jpg 3 787 7.847 7.822 0 0 0 3.178 3.131 31 1 1 1
usf0327_RCC_L1_MS_B.jpg 3 0 0 0 449 347 312 3.529 35.152 35.089 1 1 1
usf0327_RMLO_L1_MS_B.jpg 3 0 0 0 0 0 0 13.998 1.394 13.898 1 1 1
usf0329_RCC_L2_MS_B.jpg 2 0 0 0 34.428 33.221 32.849 94.569 93.338 92.958 1 1 1
usf0329_RMLO_L2_MS_B.jpg 2 31.643 31.622 31.599 0 0 0 4.745 4.723 4.708 1 1 1
usf0331_LCC_L1_MS_B.jpg 3 0 0 0 56 4 34 1 1 1 44.379 43.967 43.739
usf0331_RCC_L1_MS_B.jpg 3 0 0 0 0 0 0 1 1 1 7.929 752 7.292
usf0332_LCC_L1_MS_B.jpg 3 0 0 0 0 0 0 12.489 12.062 11.834 1 1 1
usf0333_RMLO_L1_MS_B.jpg 4 0 0 0 0 0 0 1 1 1 46.495 46.354 46.275
usf0334_RMLO_L1_MS_B.jpg 4 0 0 0 0 0 0 0 0 0 1 1 1
usf0335_LCC_L1_CL_B.jpg 4 15.149 15.161 15.153 0 0 0 29.786 29.555 29.417 1 1 1
usf0335_LMLO_L1_CL_B.jpg 4 0 0 0 0 0 0 1.146 11.402 11.363 1 1 1
usf0337_RMLO_L1_MS_B.jpg 3 0 0 0 0 0 0 27.129 26.955 26.857 1 1 1
usf0344_LMLO_L2_CL_M.jpg 5 55.004 54.986 54.969 0 0 0 0 0 0 1 1 1
usf0358_LCC_L1_MS_M.jpg 5 54.951 0.55 55.016 0 0 0 99.697 99.719 99.742 1 1 1
usf0358_LMLO_L1_MS_M.jpg 5 0 0 0 0 0 0 1 1 1 73.679 73.609 73.571
usf0362_LCC_L1_MS_B.jpg 4 43.431 43.411 43.391 0 0 0 0 0 0 1 1 1
usf0362_LMLO_L1_MS_B.jpg 4 8.362 8.335 8.305 0 0 0 337 33.644 3.361 1 1 1
usf0364_LCC_L1_MS_B.jpg 3 54.048 5.403 54.012 0 0 0 0 0 0 1 1 1
usf0364_LCC_L2_MS_B.jpg 3 22.954 2.293 22.906 0 0 0 0 0 0 1 1 1
usf0364_LCC_L3_MS_B.jpg 3 0 0 0 0 0 0 2 2 1 1 1 1
usf0364_LMLO_L2_MS_B.jpg 2 577 5.745 572 0 0 0 0 0 0 1 1 1
usf0364_LMLO_L3_MS_B.jpg 2 0 0 0 0 0 0 2.772 2.739 2.718 1 1 1
usf0368_LCC_L1_CL_B.jpg 4 26.329 26.325 26.309 0 0 0 23.463 23.355 2.328 1 1 1
usf0370_RCC_L1_MS_B.jpg 3 0 0 0 4 3 2 7.308 73.051 7.303 1 1 1
usf0374_RCC_L1_MS_B.jpg 3 7.233 7.211 7.183 0 0 0 31.672 31.553 31.482 1 1 1
usf0374_RCC_L2_MS_B.jpg 3 18.775 18.968 19.058 0 0 0 45.638 44.972 44.603 1 1 1
usf0374_RMLO_L1_MS_B.jpg 3 0 0 0 0 0 0 1 1 1 7.656 7.427 7.305
usf0377_RCC_L1_MS_B.jpg 4 0 0 0 0 0 0 381 3.782 3.761 1 1 1
usf0380_LMLO_L1_MS_B.jpg 3 0 0 0 0 0 0 0 0 0 1 1 1
usf0382_RCC_L1_MS_B.jpg 3 0 0 0 0 0 0 23.314 23.186 23.109 1 1 1
usf0383_RCC_L1_MS_B.jpg 4 38.806 38.795 38.777 0 0 0 368 3.641 3.616 1 1 1
usf0384_RCC_L2_MS_B.jpg 3 0 0 0 0 0 0 49.135 49.096 49.066 1 1 1
usf0384_RMLO_L1_MS_B.jpg 3 0 0 0 0 0 0 7.432 7.163 7.009 1 1 1
usf0386_LCC_L1_MS_B.jpg 3 0 0 0 0 0 0 1 1 1 16.933 16.701 16.558
usf0386_RCC_L1_MS_B.jpg 3 52.871 53.021 53.094 0 0 0 35.956 35.722 35.579 1 1 1
usf0386_RCC_L2_MS_B.jpg 3 0 0 0 0 0 0 1 1 1 59.744 59.678 59.639
usf0386_RMLO_L1_MS_B.jpg 3 0 0 0 0 0 0 19 14 12 1 1 1
usf0389_LCC_L1_MS_B.jpg 3 26.726 26.744 26.739 0 0 0 31.948 31.808 31.728 1 1 1
usf0389_LMLO_L1_MS_B.jpg 3 8.659 8.642 8.621 0 0 0 634 543 496 1 1 1
usf0389_LMLO_L2_MS_B.jpg 3 33.587 33.614 33.619 0 0 0 1.101 954 874 1 1 1
usf0390_LCC_L1_CL_B.jpg 4 0 0 0 0 0 0 1.124 1.107 1.095 1 1 1
usf0390_RCC_L1_MS_B.jpg 4 0 0 0 0 0 0 1 1 1 99.571 9.958 99.591
usf0393_RMLO_L1_MS_B.jpg 4 3.427 3.438 3.443 0 0 0 1 1 1 57.075 56.848 56.696
usf0395_LMLO_L1_MS_B.jpg 3 0 0 0 0 0 0 91.311 91.299 91.289 1 1 1
usf0397_LMLO_L1_CL_B.jpg 4 0 0 0 0 0 0 33.965 33.427 33.106 1 1 1
usf0399_RMLO_L1_MS_B.jpg 4 0 0 0 4.133 4.079 4.056 48.793 48.679 48.628 1 1 1
usf0400_LCC_L1_CL_B.jpg 4 0 0 0 0 0 0 157 155 1.536 1 1 1
usf0404_RCC_L1_MS_B.jpg 3 0 0 0 34 262 235 7.323 72.985 72.848 1 1 1
usf0405_LCC_L1_CL_B.jpg 4 0 0 0 0 0 0 1 1 1 4.213 41.882 41.741
usf0405_LMLO_L1_CL_B.jpg 4 0 0 0 0 0 0 24.134 24.082 24.041 1 1 1
usf0406_LCC_L1_CL_B.jpg 4 17.186 17.162 17.137 0 0 0 1 1 1 1 1 1
usf0406_LMLO_L1_CL_B.jpg 4 0 0 0 0 0 0 4.541 45.184 45.055 1 1 1
usf0408_LCC_L1_CL_B.jpg 4 0 0 0 0 0 0 1 1 1 36.294 36.049 35.918
usf0408_LMLO_L1_CL_B.jpg 4 0 0 0 0 0 0 1 1 1 39.295 3.885 3.859
usf0412_RMLO_L1_CL_B.jpg 3 0 0 0 0 0 0 29.893 29.811 29.756 1 1 1
usf0413_RMLO_L1_CL_B.jpg 4 0 0 0 0 0 0 36.198 36.074 35.988 1 1 1
usf0418_LCC_L1_MS_B.jpg 3 74.626 74.656 74.665 0 0 0 1 1 1 47.544 47.474 47.419
usf0418_RMLO_L1_MS_M.jpg 5 38.512 38.518 3.851 0 0 0 13.707 13.632 13.587 1 1 1
usf0458_RCC_L1_CL_M.jpg 4 0 0 0 111 102 99 28.726 28.622 28.563 1 1 1
usf0474_RMLO_L1_MS_B.jpg 4 0 0 0 1.349 1.302 128 46.761 46.664 46.612 1 1 1
usf0477_LMLO_L1_CL_B.jpg 4 0 0 0 0 0 0 96.529 96.513 96.498 1 1 1
usf0479_RCC_L1_MS_B.jpg 3 0 0 0 0 0 0 4 3 3 1 1 1
usf0480_LCC_L2_CL_B.jpg 3 11.826 11.802 11.771 0 0 0 1 1 1 75.637 75.589 75.556
usf0482_LCC_L1_CL_B.jpg 4 11.411 11.367 11.322 0 0 0 97.364 97.356 97.347 1 1 1
usf0483_LCC_L1_CL_B.jpg 4 9.837 9.815 9.782 0 0 0 6.822 68.151 68.115 1 1 1
usf0487_LMLO_L1_CL_B.jpg 3 0 0 0 4.146 3.817 3.721 1 1 1 90.191 9.049 90.575
usf0489_LMLO_L1_MS_B.jpg 3 1.062 1.037 1.012 0 0 0 5 4 4 1 1 1
usf0490_RMLO_L1_CL_B.jpg 4 6.947 692 6.892 8 6 6 17.639 17.589 17.556 1 1 1
usf0494_LCC_L1_MS_B.jpg 3 3.819 3.786 3.752 0 0 0 39.536 3.948 39.436 1 1 1
usf0495_LCC_L1_CL_B.jpg 4 30.598 30.631 30.637 0 0 0 60.046 59.969 59.927 1 1 1
usf0502_LCC_L1_CL_B.jpg 3 5.669 5.689 5.685 0 0 0 1.895 18.184 17.758 1 1 1
usf0503_LCC_L1_CL_B.jpg 3 0 0 0 0 0 0 49.491 4.915 48.945 1 1 1
usf0504_LCC_L1_MS_B.jpg 3 0 0 0 0 0 0 85.308 85.117 85.009 1 1 1
usf0507_LCC_L1_MS_B.jpg 3 838 808 777 0 0 0 1 1 1 25.332 25.088 24.929
usf0507_RCC_L1_MS_B.jpg 3 46.042 46.111 46.137 0 0 0 12.093 11.902 1.179 1 1 1
usf0511_LMLO_L1_CL_B.jpg 4 0 0 0 0 0 0 1 1 1 4.843 48.249 48.134
usf1111_RCC_L1_MS_M.jpg 4 0 0 0 0 0 0 5.552 5.497 5.459 1 1 1
usf1113_RMLO_L1_CL_M.jpg 4 10.407 10.223 10.083 9.191 8.986 8.825 11.806 11.749 11.703 1 1 1
usf1114_LMLO_L1_MS_M.jpg 4 32.794 32.774 32.755 0 0 0 0 0 0 1 1 1
usf1118_RMLO_L1_MS_M.jpg 4 1 1 0 907 898 891 38.504 38.381 38.297 1 1 1
usf1122_LCC_L1_MS_M.jpg 5 264 257 2.518 9.491 9.392 9.315 44.503 44.393 44.308 1 1 1
usf1124_LCC_L1_CL_M.jpg 4 0 0 0 0 0 0 2.777 2.671 2.593 1 1 1
usf1125_LMLO_L1_CL_M.jpg 4 1.327 1.298 1.276 2.982 2.942 2.912 12.071 12.016 11.972 1 1 1
usf1134_RMLO_L1_MS_M.jpg 4 0 0 0 0 0 0 1 1 1 1 1 1
usf1135_LCC_L1_MS_M.jpg 4 0 0 0 38 35 34 8.217 8.168 8.134 1 1 1
usf1138_RMLO_L1_MS_M.jpg 4 0 0 0 0 0 0 281 2.769 2.739 1 1 1
usf1139_LMLO_L1_MS_M.jpg 4 0 0 0 0 0 0 71 58 5 1 1 1
usf1140_LCC_L1_MS_M.jpg 5 2 1 1 261 258 255 2.861 2.847 2.836 1 1 1
usf1141_RCC_L1_CL_M.jpg 4 815 775 746 5.805 5.745 5.699 19.484 19.416 19.366 1 1 1
usf1144_RMLO_L1_MS_M.jpg 4 0 0 0 0 0 0 7.488 74.746 74.659 1 1 1
usf1145_LCC_L1_CL_M.jpg 4 16.348 16.239 16.153 22.129 22.002 21.906 30.559 30.426 30.323 1 1 1
usf1145_LMLO_L1_CL_M.jpg 4 58 5 45 15.923 15.821 1.574 2.963 29.505 29.411 1 1 1
usf1146_LCC_L1_CL_M.jpg 4 0 0 0 0 0 0 332 314 301 1 1 1
usf1148_LCC_L1_CL_M.jpg 4 1 1 1 527 511 494 55.389 55.161 54.988 86.932 86.714 8.655
usf1150_RMLO_L1_MS_M.jpg 5 0 0 0 0 0 0 2.834 2.672 2.558 1 1 1
usf1157_LCC_L1_MS_M.jpg 4 121 117 112 1.702 1.684 1.668 17.187 171 17.035 1 1 1
usf1157_LMLO_L1_MS_M.jpg 4 0 0 0 16 153 148 19.318 19.244 19.189 1 1 1
usf1158_RMLO_L1_MS_M.jpg 4 0 0 0 576 554 535 63.128 63.066 63.018 1 1 1
usf1160_RMLO_L1_MS_M.jpg 4 8.875 8.727 8.607 14.373 1.421 14.072 60.666 60.419 60.236 1 1 1
usf1162_RMLO_L1_MS_M.jpg 4 81.237 8.152 81.737 0 0 0 19.722 19.432 19.206 1 1 1
usf1163_RCC_L1_MS_M.jpg 5 40.973 41.114 41.219 945 937 93 1 1 1 75.838 75.718 75.618
usf1164_LMLO_L1_MS_M.jpg 4 0 0 0 0 0 0 1 1 1 34.382 34.316 34.263
usf1166_RMLO_L1_MS_M.jpg 5 0 0 0 0 0 0 0 0 0 1 1 1
usf1167_RMLO_L1_CL_M.jpg 4 0 0 0 0 0 0 8.402 8.367 8.338 1 1 1
usf1176_LMLO_L1_CL_M.jpg 5 34.087 34.082 34.072 0 0 0 2.643 2.589 255 1 1 1
usf1180_RMLO_L1_MS_M.jpg 4 0 0 0 0 0 0 0 0 0 1 1 1
usf1187_RCC_L1_MS_M.jpg 4 0 0 0 0 0 0 286 267 254 1 1 1
usf1190_LMLO_L1_MS_M.jpg 4 184 174 165 4.692 465 4.611 33.093 33.028 32.974 1 1 1
usf1192_LCC_L1_CL_M.jpg 4 0 0 0 0 0 0 52.256 51.511 50.969 1 1 1
usf1196_RCC_L1_CL_M.jpg 5 1.266 1.212 1.169 6.982 6.916 6.864 14.154 14.046 13.961 1 1 1
usf1201_RCC_L1_CL_M.jpg 4 69 65 61 3.699 3.687 3.673 1 1 1 47.532 47.398 47.303
usf1212_LMLO_L2_CL_M.jpg 5 42.195 42.179 42.162 603 595 587 4.467 4.447 443 1 1 1
usf1213_LCC_L1_CL_M.jpg 4 34.903 34.585 34.349 15.326 14.937 14.642 33.665 33.552 33.458 1 1 1
usf1213_LMLO_L1_CL_M.jpg 4 0 0 0 0 0 0 1.923 189 1.865 1 1 1
usf1214_LMLO_L1_CL_M.jpg 4 0 0 0 0 0 0 971 897 848 1 1 1
usf1215_LCC_L1_MS_M.jpg 4 32 3 27 2.754 2.729 2.708 26.596 26.539 26.495 1 1 1
usf1217_LMLO_L1_MS_M.jpg 4 0 0 0 0 0 0 21.063 20.701 20.425 1 1 1
usf1218_RCC_L1_MS_M.jpg 4 2.467 2.405 2.354 124 12.324 12.261 1 1 1 35.294 35.123 34.993
usf1218_RMLO_L1_MS_M.jpg 4 14.539 14.593 14.618 0 0 0 1 1 1 76.271 76.067 75.912
usf1219_RCC_L1_CL_M.jpg 4 0 0 0 23.447 2.292 2.251 40.971 40.398 39.953 1 1 1
usf1219_RMLO_L1_CL_M.jpg 4 6.472 6.445 6.417 12.609 12.399 1.223 25.826 25.563 25.354 1 1 1
usf1220_RMLO_L1_CL_M.jpg 4 6.549 6.222 5.961 23.967 23.602 23.311 2.237 22.243 22.156 1 1 1
usf1222_RMLO_L1_MS_M.jpg 5 45 39 35 10.923 10.813 10.729 60.363 60.181 60.046 1 1 1
usf1223_LCC_L1_CL_M.jpg 4 764 724 696 2.366 2.322 2.289 1 1 1 68.739 68.632 68.556
usf1223_LMLO_L1_CL_M.jpg 4 3.043 30.482 30.512 0 0 0 653 6.313 6.158 1 1 1
usf1225_RMLO_L1_CL_M.jpg 4 0 0 0 0 0 0 0 0 0 1 1 1
usf1227_LCC_L1_CL_M.jpg 4 0 0 0 0 0 0 1.922 1.869 1.833 1 1 1
usf1229_LMLO_L1_MS_M.jpg 5 0 0 0 0 0 0 1.267 122 1.191 1 1 1
usf1232_RCC_L1_CL_M.jpg 4 0 0 0 0 0 0 28 22 18 1 1 1
usf1235_LMLO_L1_CL_M.jpg 4 0 0 0 0 0 0 24 22 21 1 1 1
usf1236_RMLO_L1_CL_M.jpg 5 0 0 0 0 0 0 25.256 25.184 2.513 1 1 1
usf1243_LCC_L1_CL_M.jpg 5 0 0 0 464 459 454 94.438 94.342 94.257 1 1 1
usf1250_RMLO_L1_CL_M.jpg 4 0 0 0 1.489 144 14 65.253 6.515 65.077 1 1 1
usf1252_RCC_L1_CL_M.jpg 5 0 0 0 119 11 102 50.919 50.847 50.789 1 1 1
usf1252_RMLO_L1_CL_M.jpg 5 0 0 0 1.702 1.652 1.611 42.021 41.877 41.769 1 1 1
usf1258_RCC_L2_CL_M.jpg 5 3.906 3.821 3.759 3.145 3.054 2.986 11.813 11.741 11.682 1 1 1
usf1258_RMLO_L1_MS_M.jpg 5 7.324 7.138 7.002 23.113 22.858 22.672 55.017 54.858 54.746 1 1 1
usf1261_LMLO_L1_CL_M.jpg 4 0 0 0 0 0 0 44.648 4.416 43.809 1 1 1
usf1261_RCC_L1_MS_M.jpg 4 1.388 1.329 128 8.672 8.584 8.512 36.518 36.402 36.318 1 1 1
usf1262_LCC_L1_MS_M.jpg 5 0 0 0 0 0 0 2.082 2.062 2.048 1 1 1
usf1262_LMLO_L1_MS_M.jpg 5 0 0 0 0 0 0 0 0 0 1 1 1
usf1263_RMLO_L1_MS_M.jpg 5 0 0 0 0 0 0 1 1 1 15.794 15.671 1.557
usf1302_LMLO_L1_CL_B.jpg 4 0 0 0 4.438 4.392 4.357 33.143 33.034 32.952 1 1 1
usf1302_RMLO_L1_CL_B.jpg 4 0 0 0 1.071 947 851 58.939 58.753 58.605 1 1 1
usf1305_RCC_L1_MS_B.jpg 4 25.636 25.002 245 62.244 61.517 60.951 1 1 1 83.897 84.012 84.092
usf1305_RMLO_L1_MS_B.jpg 4 932 87 822 21.579 21.402 2.126 71.362 71.183 71.049 1 1 1
usf1316_LMLO_L1_CL_B.jpg 4 0 0 0 459 445 436 46.386 46.301 46.242 1 1 1
usf1329_LCC_L1_MS_M.jpg 4 658 636 614 0 0 0 0 0 0 1 1 1
usf1361_LCC_L1_MS_B.jpg 3 1.396 1.355 132 5.555 5.487 5.435 32.551 32.401 32.288 1 1 1
usf1364_RMLO_L1_CL_B.jpg 4 0 0 0 0 0 0 543 524 511 1 1 1
usf1366_LCC_L1_MS_B.jpg 4 0 0 0 0 0 0 7.902 7.331 6.924 1 1 1
usf1369_LMLO_L1_MS_B.jpg 4 2.423 23.808 23.489 23.934 23.481 23.141 41.787 41.666 41.565 1 1 1
usf1374_RCC_L1_CL_B.jpg 4 32 28 25 3.974 394 3.912 1 1 1 1.353 13.353 13.226
usf1375_LCC_L1_MS_B.jpg 4 0 0 0 0 0 0 1 1 1 10.785 10.497 10.298
usf1376_LCC_L1_CL_B.jpg 4 0 0 0 2.445 2.411 2.383 48.738 48.624 48.542 1 1 1
usf1376_LMLO_L1_CL_B.jpg 4 59 52 47 4.794 4.756 4.725 48.287 48.166 48.079 1 1 1
usf1377_RMLO_L1_CL_B.jpg 4 118 104 95 647 6.419 638 68.494 68.359 6.826 1 1 1
usf1378_LMLO_L1_CL_B.jpg 4 0 0 0 0 0 0 46.894 467 46.549 1 1 1
usf1379_LMLO_L1_MS_B.jpg 4 144 137 132 1.616 1.602 159 8.699 8.638 8.592 1 1 1
usf1381_RMLO_L1_MS_B.jpg 4 0 0 0 0 0 0 1 1 1 5.594 5.565 5.545
usf1382_RCC_L1_CL_B.jpg 4 54 47 43 4.962 4.926 4.892 32.378 32.286 32.212 1 1 1
usf1384_RCC_L1_CL_B.jpg 4 4.609 4.609 46.084 6.682 6.619 6.564 44.723 44.636 44.565 1 1 1
usf1384_RMLO_L1_CL_B.jpg 4 18.779 18.758 18.737 0 0 0 1 0 0 1 1 1
usf1385_LCC_L1_MS_B.jpg 4 4.677 441 4.202 40.975 40.666 40.418 99.331 99.241 99.171 1 1 1
usf1387_LCC_L1_MS_B.jpg 4 7.048 696 6.894 7.349 7.242 7.161 40.289 40.013 39.814 1 1 1
usf1387_LMLO_L1_MS_B.jpg 4 667 652 643 3.812 3.775 3.744 30.541 30.374 30.251 1 1 1
usf1392_LCC_L1_CL_B.jpg 4 0 0 0 0 0 0 3.357 3.341 3.328 1 1 1
usf1393_LMLO_L1_CL_B.jpg 4 0 0 0 0 0 0 0 0 0 1 1 1
usf1394_RMLO_L1_MS_B.jpg 4 11.172 11.171 11.162 0 0 0 1 1 1 44.573 44.401 44.266
usf1396_LMLO_L1_MS_B.jpg 4 0 0 0 0 0 0 15.041 14.811 14.646 1 1 1
usf1397_LCC_L1_MS_B.jpg 4 776 735 693 0 0 0 1 1 1 95.792 95.742 95.694
usf1399_RMLO_L1_MS_M.jpg 4 0 0 0 0 0 0 46.709 46.247 45.927 1 1 1
usf1400_LMLO_L1_CL_M.jpg 4 42.987 43.035 43.066 53 49 46 1 1 1 1.231 12.143 12.009
usf1406_LMLO_L1_CL_B.jpg 4 0 0 0 0 0 0 72 632 572 1 1 1
usf1408_LCC_L1_MS_B.jpg 4 5.378 5.176 5.011 1.739 17.131 1.692 34.301 34.202 34.127 1 1 1
usf1411_RCC_L1_MS_B.jpg 4 567 533 505 11.921 11.821 11.736 65.608 65.496 6.541 1 1 1
usf1412_RCC_L1_MS_B.jpg 4 0 0 0 0 0 0 2.791 2.756 2.732 1 1 1
usf1414_RCC_L1_MS_B.jpg 4 0 0 0 0 0 0 20.462 20.244 201 1 1 1
usf1416_RMLO_L1_MS_M.jpg 5 0 0 0 0 0 0 3.503 34.731 34.508 1 1 1
usf1417_RMLO_L1_MS_M.jpg 5 0 0 0 0 0 0 0 0 0 1 1 1
usf1418_RCC_L1_MS_B.jpg 4 15.809 15.273 14.848 37.181 36.618 36.173 6.889 68.693 68.558 1 1 1
usf1423_LMLO_L1_MS_B.jpg 4 0 0 0 0 0 0 8.506 8.352 8.248 1 1 1
usf1424_RCC_L1_MS_B.jpg 5 0 0 0 0 0 0 36.166 36.054 35.968 1 1 1
usf1427_LCC_L1_CL_B.jpg 4 8.799 8.762 8.722 8.211 8.172 8.139 1 1 1 6.379 63.625 63.491
usf1427_LMLO_L1_CL_B.jpg 4 0 0 0 0 0 0 7.061 6.954 6.877 1 1 1
usf1428_RCC_L1_MS_B.jpg 4 17.804 17.783 17.762 0 0 0 0 0 0 1 1 1
usf1431_RMLO_L1_CL_B.jpg 4 0 0 0 284 278 273 15.762 15.614 15.502 1 1 1
usf1433_RCC_L1_CL_B.jpg 2 211 2.069 2.033 6.684 6.616 6.555 29.697 2.948 29.322 1 1 1
usf1434_RMLO_L1_MS_B.jpg 4 4.069 4.012 396 21.889 21.862 21.833 1 1 1 74.296 74.235 74.188
usf1437_LCC_L1_MS_B.jpg 3 5.011 4.813 4.672 16.381 16.153 15.985 31.705 31.568 31.468 1 1 1
usf1438_LCC_L1_CL_B.jpg 4 0 0 0 0 0 0 0 0 0 1 1 1
usf1438_LMLO_L1_CL_B.jpg 4 0 0 0 0 0 0 0 0 0 1 1 1
usf1445_LCC_L1_MS_B.jpg 3 21.072 20.777 20.553 33.824 33.453 33.156 94.264 94.092 93.951 1 1 1
usf1446_LCC_L1_CL_B.jpg 2 222 2.111 2.035 5.272 5.133 5.035 36.777 36.675 36.599 1 1 1
usf1447_RMLO_L1_MS_B.jpg 3 12.133 11.937 11.788 13.047 12.796 12.602 24.731 24.617 24.525 1 1 1
usf1448_LMLO_L1_CL_B.jpg 4 29.291 29.286 29.277 0 0 0 3.558 3.503 3.461 1 1 1
usf1449_LCC_L1_CL_B.jpg 4 19 17 16 976 962 951 7.247 7.217 7.192 1 1 1
usf1449_LMLO_L1_CL_B.jpg 4 1.349 1.294 1.254 7.607 7.527 7.469 1.267 12.579 12.509 1 1 1
usf1450_LCC_L1_MS_B.jpg 3 0 0 0 0 0 0 85 65 53 1 1 1
usf1450_LMLO_L1_MS_B.jpg 3 0 0 0 0 0 0 0 0 0 1 1 1
usf1452_RCC_L1_CL_B.jpg 4 0 0 0 0 0 0 1 1 1 1.358 1.295 1.252
usf1453_LMLO_L1_MS_B.jpg 4 0 0 0 0 0 0 6.158 6.108 6.072 1 1 1
usf1455_LMLO_L1_CL_B.jpg 4 0 0 0 0 0 0 5.212 51.825 51.599 1 1 1
usf1456_RCC_L1_MS_B.jpg 4 0 0 0 472 461 451 925 9.219 9.193 1 1 1
usf1457_RMLO_L1_MS_B.jpg 4 1.364 1.341 1.317 0 0 0 1 1 1 13.934 13.818 13.729
usf1459_LCC_L1_MS_B.jpg 4 27.059 26.965 26.871 14.285 1.412 13.986 82.228 82.099 82.007 1 1 1
usf1459_LMLO_L1_MS_B.jpg 4 65.516 65.401 65.319 13.868 13.692 13.571 32.615 32.516 32.441 1 1 1
usf1461_LMLO_L1_CL_B.jpg 4 0 0 0 0 0 0 10.565 10.386 10.259 1 1 1
usf1470_LCC_L1_CL_M.jpg 4 3.841 3.691 3.571 17.978 17.821 17.693 44.097 43.911 43.764 1 1 1
usf1470_LMLO_L1_MS_B.jpg 3 687 6.342 5.938 1 1 99.793 67.611 67.626 67.492 99.632 9.996 1
usf1473_RMLO_L1_MS_B.jpg 4 35.114 35.099 35.082 0 0 0 297 282 272 1 1 1
usf1474_LCC_L1_CL_B.jpg 4 4.377 4.356 4.335 0 0 0 8.018 7.937 7.876 1 1 1
usf1476_LMLO_L1_MS_B.jpg 4 617 5.974 5.822 17.576 17.368 17.203 1 1 1 5.039 4.844 4.701
usf1479_LCC_L1_CL_B.jpg 4 0 0 0 0 0 0 1 1 1 9.971 9.583 9.301
usf1481_LCC_L1_MS_B.jpg 3 48.606 48.598 48.586 0 0 0 4.748 4.718 4.694 1 1 1
usf1482_RCC_L1_CL_B.jpg 4 0 0 0 277 273 27 2.591 258 2.571 1 1 1
usf1483_LMLO_L1_MS_B.jpg 4 0 0 0 0 0 0 0 0 0 1 1 1
usf1484_LMLO_L1_CL_B.jpg 4 0 0 0 158 153 148 1 1 1 51.828 51.647 51.522
usf1487_RCC_L1_CL_M.jpg 4 0 0 0 0 0 0 1 1 1 38.229 37.506 36.998
usf1487_RMLO_L1_CL_M.jpg 4 0 0 0 0 0 0 1 1 1 231 213 2
usf1490_RMLO_L1_CL_M.jpg 4 0 0 0 0 0 0 77.573 77.424 77.308 1 1 1
usf1492_LCC_L1_CL_B.jpg 4 0 0 0 0 0 0 738 691 66 1 1 1
usf1493_LCC_L1_CL_B.jpg 4 1.736 1.645 1.576 12.216 12.088 11.987 33.671 33.572 33.499 1 1 1
usf1493_LMLO_L1_CL_B.jpg 4 6.536 6.275 6.079 31.605 31.317 31.096 52.297 52.107 51.966 1 1 1
usf1495_RCC_L1_CL_B.jpg 4 0 0 0 0 0 0 1.012 92 859 1 1 1
usf1496_LCC_L1_CL_B.jpg 2 0 0 0 0 0 0 6.722 6.632 6.566 1 1 1
usf1497_RCC_L1_CL_B.jpg 4 4.452 4.421 439 974 959 947 24.382 24.228 24.116 1 1 1
usf1497_RMLO_L1_CL_B.jpg 4 7.209 6.734 6.378 37.737 37.309 36.985 54.283 54.137 54.028 1 1 1
usf1498_LMLO_L1_MS_B.jpg 4 0 0 0 0 0 0 0 0 0 1 1 1
usf1499_RCC_L1_MS_M.jpg 4 0 0 0 0 0 0 3.394 3.334 3.292 1 1 1
usf1500_LMLO_L1_MS_B.jpg 4 52.761 52.745 5.273 0 0 0 0 0 0 1 1 1
usf1501_RMLO_L1_MS_M.jpg 4 0 0 0 0 0 0 1.095 947 855 1 1 1
usf1503_RCC_L1_CL_M.jpg 4 0 0 0 0 0 0 77 73 7 1 1 1
usf1504_RMLO_L1_MS_M.jpg 5 8.266 8.134 8.037 10.232 10.062 9.936 25.026 24.948 24.888 1 1 1
usf1505_LCC_L1_CL_M.jpg 4 689 6.602 6.374 36.184 35.912 35.696 75.011 74.783 74.608 1 1 1
usf1505_LMLO_L1_CL_M.jpg 4 6.155 5.862 5.647 48.283 4.812 0.48 1 1 1 86.255 86.316 86.367
usf1506_LCC_L1_CL_M.jpg 4 486 457 437 7.494 7.414 7.349 32.422 32.327 32.253 1 1 1
usf1512_LCC_L1_MS_B.jpg 3 35.198 35.186 3.517 0 0 0 4.652 4.617 4.591 1 1 1
usf1512_RMLO_L1_MS_M.jpg 4 0 0 0 4 3 3 1 1 1 13.878 13.717 13.593
usf1513_LCC_L1_CL_B.jpg 4 169 157 15 3.814 3.788 3.765 37.872 37.731 37.624 1 1 1
usf1514_LCC_L1_MS_B.jpg 4 0 0 0 0 0 0 26.532 25.607 24.931 1 1 1
usf1514_LMLO_L1_MS_B.jpg 4 17.622 17.851 18.013 0 0 0 37.766 36.849 36.163 1 1 1
usf1515_RCC_L1_MS_B.jpg 4 0 0 0 0 0 0 86.505 86.377 86.279 1 1 1
usf1515_RMLO_L1_MS_B.jpg 4 1.657 1.572 1.506 16.842 16.767 16.702 1 1 1 54.094 53.919 53.797
usf1518_LCC_L1_MS_B.jpg 4 0 0 0 0 0 0 1 1 1 56.971 56.652 56.431
usf1519_LCC_L1_MS_B.jpg 4 0 0 0 41 38 36 24.917 24.844 2.479 1 1 1
usf1527_LCC_L1_MS_M.jpg 4 0 0 0 0 0 0 2.104 20.652 20.374 1 1 1
usf1527_LMLO_L1_MS_M.jpg 4 0 0 0 0 0 0 0 0 0 1 1 1
usf1528_RCC_L1_CL_M.jpg 4 8.413 8.437 8.442 0 0 0 44.257 43.879 43.617 1 1 1
usf1529_RCC_L1_MS_M.jpg 4 12.254 11.968 11.737 18.811 18.507 18.256 1 1 1 72.666 72.484 72.354
usf1529_RMLO_L1_MS_M.jpg 4 1.908 1.873 18.458 20.648 20.233 19.912 1 1 1 47.546 47.341 47.196
usf1529_RMLO_L2_MS_M.jpg 4 0 0 0 0 0 0 52.938 52.725 52.571 1 1 1
usf1530_LCC_L1_CL_M.jpg 4 5.863 5.778 5.708 5.933 583 5.745 22.229 22.134 22.062 1 1 1
usf1531_LMLO_L1_CL_M.jpg 4 8 6 5 6.049 5.977 5.919 38.352 38.232 38.143 1 1 1
usf1532_RCC_L1_MS_M.jpg 4 0 0 0 0 0 0 1 1 1 70.336 69.951 69.676
usf1533_RCC_L1_MS_M.jpg 4 2.817 2.723 2.644 1.315 13.041 12.947 49.718 49.501 49.336 1 1 1
usf1536_LMLO_L1_MS_M.jpg 4 3.032 2.786 2.606 47.395 47.225 47.089 64.943 64.729 6.457 1 1 1
usf1537_LMLO_L1_MS_M.jpg 4 1 1 0 44 434 428 12.046 11.994 11.955 1 1 1
usf1538_LCC_L1_CL_M.jpg 4 1.512 1.475 1.448 3.517 3.464 3.423 16.053 15.987 15.937 1 1 1
usf1539_RCC_L1_MS_M.jpg 4 264 255 247 1.818 1.802 1.787 14.692 14.597 14.532 1 1 1
usf1539_RMLO_L1_MS_M.jpg 4 74.019 73.426 72.887 46.085 4.523 44.505 1 1 1 52.485 52.273 52.139
usf1542_RCC_L1_MS_B.jpg 4 4 3 2 19.895 19.841 19.797 1 1 1 1.869 1.773 1.711
usf1545_LCC_L1_MS_B.jpg 4 3.313 3.291 3.269 0 0 0 736 712 694 1 1 1
usf1545_LMLO_L1_MS_B.jpg 4 681 652 624 2.258 2.223 219 15.093 14.981 14.899 1 1 1
usf1546_RMLO_L1_CL_B.jpg 4 0 0 0 0 0 0 23.204 23.129 23.077 1 1 1
usf1547_RCC_L1_MS_B.jpg 4 48.827 48.114 47.539 33.875 33.064 32.419 1 1 1 1 9 8
usf1549_LCC_L1_MS_B.jpg 4 57 5 46 4.947 4.914 4.891 1 1 1 52 5.086 5.009
usf1550_LMLO_L1_CL_B.jpg 4 759 7.414 7.281 16.373 1.616 0.16 2.519 25.096 25.026 1 1 1
usf1551_LMLO_L1_CL_B.jpg 4 0 0 0 0 0 0 21.912 2.136 20.987 1 1 1
usf1552_LCC_L1_CL_B.jpg 4 12.391 1.238 12.366 0 0 0 1.235 114 1.075 1 1 1
usf1558_LMLO_L1_MS_M.jpg 4 0 0 0 0 0 0 8.368 8.249 8.172 1 1 1
usf1560_LCC_L1_MS_B.jpg 4 0 0 0 0 0 0 0 0 0 1 1 1
usf1562_LCC_L1_CL_B.jpg 4 17.402 17.533 17.614 75 73 7 83.353 83.184 8.306 1 1 1
usf1563_RCC_L1_MS_B.jpg 4 6.051 6.029 6.007 0 0 0 0 0 0 1 1 1
usf1564_RMLO_L1_CL_B.jpg 4 0 0 0 77 748 732 10.163 10.098 10.045 1 1 1
usf1566_RCC_L1_MS_B.jpg 4 0 0 0 0 0 0 2.121 2.103 20.904 1 1 1
usf1566_RMLO_L1_MS_B.jpg 4 0 0 0 0 0 0 182 1.795 1.776 1 1 1
usf1568_LCC_L1_MS_B.jpg 4 332 327 322 166 16 155 227 225 2.234 1 1 1
usf1570_RMLO_L1_CL_M.jpg 4 23.059 2.308 23.089 0 0 0 7.204 7.025 689 1 1 1
usf1573_RMLO_L1_MS_M.jpg 5 57 54 51 902 893 886 6.319 6.288 6.264 1 1 1
usf1578_LCC_L1_CL_M.jpg 4 11.294 11.273 11.251 0 0 0 0 0 0 1 1 1
usf1579_RCC_L1_MS_M.jpg 4 75.759 75.785 75.793 209 201 196 16.929 16.861 16.814 1 1 1
usf1579_RMLO_L1_MS_M.jpg 4 8.867 8.845 8.823 0 0 0 0 0 0 1 1 1
usf1580_LCC_L1_MS_M.jpg 4 28.518 28.508 28.493 4.628 4.558 4.505 38.708 38.577 38.478 1 1 1
usf1580_LMLO_L2_CL_M.jpg 4 8.072 8.047 8.022 0 0 0 26.902 26.857 26.821 1 1 1
usf1584_LCC_L1_CL_M.jpg 4 6.992 6.834 6.718 19.409 19.191 1.903 50.862 50.735 50.644 1 1 1
usf1585_RMLO_L1_CL_M.jpg 4 0 0 0 0 0 0 3.612 3.564 353 1 1 1
usf1588_LCC_L1_CL_M.jpg 4 485 437 401 12.208 1.213 12.069 33.661 33.559 33.485 1 1 1
usf1589_LCC_L1_MS_M.jpg 5 341 323 307 8.025 7.983 7.945 1 1 1 20.844 20.641 20.483
usf1590_RCC_L1_CL_M.jpg 4 71.525 71.146 70.851 38.543 38.052 37.668 45.424 45.266 45.138 1 1 1
usf1591_LCC_L1_CL_M.jpg 4 5.412 54.155 54.167 2.006 1.889 1.804 3.447 34.261 34.115 1 1 1
usf1591_LMLO_L1_CL_M.jpg 4 7.946 7.924 7.902 0 0 0 1 0 0 1 1 1
usf1593_RCC_L1_MS_M.jpg 4 3 2 2 2.284 2.279 2.274 1 1 1 6.433 63.989 63.741
usf1593_RMLO_L1_MS_M.jpg 4 0 0 0 0 0 0 1 1 1 2.542 25.033 24.745
usf1594_LCC_L1_MS_M.jpg 4 0 0 0 0 0 0 34.007 33.877 33.778 1 1 1
usf1597_RCC_L1_CL_M.jpg 4 0 0 0 0 0 0 2.468 2.235 2.083 1 1 1
usf1600_RCC_L1_MS_B.jpg 4 49.567 4.956 4.955 0 0 0 1.007 975 951 1 1 1
usf1600_RMLO_L1_MS_B.jpg 4 64.702 6.473 64.746 0 0 0 16.236 16.166 16.111 1 1 1
usf1601_RMLO_L1_CL_B.jpg 4 0 0 0 0 0 0 1 1 1 5.217 4.757 4.436
usf1602_RCC_L1_MS_B.jpg 4 3.018 2.977 2.944 3.622 3.564 352 23.133 23.007 22.916 1 1 1
usf1605_RMLO_L1_CL_B.jpg 4 0 0 0 0 0 0 47.589 47.282 47.057 1 1 1
usf1607_LCC_L1_MS_B.jpg 3 20.181 20.163 20.143 0 0 0 1 87 79 1 1 1
usf1609_LCC_L1_CL_B.jpg 4 461 393 343 32.056 31.885 31.755 3.259 32.454 32.354 1 1 1
usf1610_RCC_L1_MS_B.jpg 4 22.767 22.767 22.761 51 48 45 14.374 14.262 14.177 1 1 1
usf1610_RMLO_L1_MS_B.jpg 4 0 0 0 0 0 0 40.157 39.952 398 1 1 1
usf1613_LCC_L1_CL_M.jpg 5 5.947 5.812 5.709 13.477 13.342 13.236 1 1 1 0.19 18.597 18.299
usf1614_RCC_L1_CL_M.jpg 4 16 14 13 2.047 2.029 2.015 7.533 7.484 7.445 1 1 1
usf1615_RCC_L1_MS_B.jpg 4 2.948 2.903 2.868 5.386 5.329 5.286 1 1 1 23.536 23.296 23.128
usf1620_RCC_L1_MS_M.jpg 5 0 0 0 0 0 0 16.884 16.522 16.286 1 1 1
usf1621_RMLO_L1_CL_M.jpg 4 1.185 11.778 11.721 9.492 9.365 927 1 1 1 33.139 32.767 32.501
usf1622_LCC_L1_MS_M.jpg 5 4.597 4.582 4.562 0 0 0 1 1 1 41.743 41.519 41.355
usf1622_LMLO_L1_MS_M.jpg 5 1.778 1.709 1.653 13.568 13.503 1.345 1 1 1 26.739 26.425 26.193
usf1622_RCC_L1_MS_M.jpg 4 8.612 8.344 8.138 2.383 2.355 23.327 1 1 1 7.183 6.877 6.662
usf1622_RMLO_L1_MS_M.jpg 4 4.389 4.389 438 2.942 2.913 2.889 1 1 1 37.858 37.418 37.088
usf1624_RMLO_L1_MS_M.jpg 4 0 0 0 0 0 0 38.756 38.295 37.983 1 1 1
usf1626_LCC_L1_CL_M.jpg 4 12.574 12.301 12.073 35.638 3.538 35.153 1 1 1 93.851 9.399 94.113
usf1626_LMLO_L1_CL_M.jpg 4 0 0 0 747 737 727 78.598 78.495 78.419 1 1 1
usf1632_RCC_L1_CL_M.jpg 4 3.244 3.254 3.257 1.796 177 1.751 1 1 1 29.845 29.414 29.122
usf1632_RMLO_L1_CL_M.jpg 4 0 0 0 0 0 0 1 1 1 8.373 7.993 7.743
usf1633_RCC_L1_CL_B.jpg 4 0 0 0 0 0 0 57.642 57.037 56.581 1 1 1
usf1634_LCC_L1_MS_B.jpg 4 13 1 8 433 43.291 43.277 4.149 41.398 41.334 1 1 1
usf1636_LCC_L1_CL_M.jpg 4 43.412 43.526 43.604 0 0 0 84.791 84.762 84.746 1 1 1
usf1639_LMLO_L1_MS_M.jpg 4 28.405 28.405 28.398 1 1 1 34.457 34.391 34.343 1 1 1
usf1642_RCC_L1_MS_M.jpg 5 0 0 0 0 0 0 0 0 0 1 1 1
usf1648_RMLO_L1_CL_B.jpg 4 0 0 0 0 0 0 2.447 2.422 2.404 1 1 1
usf1649_LCC_L1_CL_B.jpg 4 0 0 0 0 0 0 5.732 5.604 5.523 1 1 1
usf1652_RCC_L1_CL_M.jpg 5 0 0 0 399 39 383 8.952 8.913 8.885 1 1 1
usf1652_RMLO_L1_CL_M.jpg 5 0 0 0 52 51 502 14.086 14.024 13.977 1 1 1
usf1657_LCC_L1_MS_M.jpg 4 56.055 56.004 55.962 11.019 10.922 10.846 287 28.623 28.562 1 1 1
usf1660_RMLO_L1_CL_B.jpg 4 45 41 383 10.549 10.478 10.425 18.382 18.299 18.236 1 1 1
usf1661_RMLO_L1_MS_M.jpg 4 3.836 3.712 3.611 8.049 789 7.758 48.003 47.904 47.825 1 1 1
usf1663_RCC_L1_CL_M.jpg 3 0 0 0 0 0 0 637 605 584 1 1 1
usf1665_LMLO_L1_MS_M.jpg 4 0 0 0 0 0 0 61.459 60.924 60.565 1 1 1
usf1667_LCC_L1_CL_M.jpg 4 0 0 0 38 35 33 30.307 30.156 30.046 1 1 1
usf1669_RMLO_L1_MS_M.jpg 5 0 0 0 0 0 0 0 0 0 1 1 1
usf1671_RCC_L1_CL_M.jpg 4 3.366 3.303 3.251 5.466 5.383 5.315 40.782 40.685 40.616 1 1 1
usf1671_RMLO_L1_CL_M.jpg 4 2.519 2.463 2.413 7.911 7.812 7.731 38.211 38.099 38.021 1 1 1
usf1673_LCC_L1_MS_M.jpg 5 8.489 8.282 8.124 5.874 5.651 5.477 21.738 21.652 21.589 1 1 1
usf1673_LMLO_L1_MS_M.jpg 5 392 369 352 2.698 2.658 2.624 22.476 22.373 22.298 1 1 1
usf1676_LMLO_L1_MS_M.jpg 4 0 0 0 0 0 0 1 1 1 36.388 36.009 35.729
usf1677_RMLO_L1_CL_M.jpg 4 248 231 219 4.733 4.696 4.666 10.406 10.338 10.285 1 1 1
usf1685_LCC_L1_CL_B.jpg 4 0 0 0 0 0 0 7.336 73.211 731 1 1 1
usf1685_LMLO_L1_CL_B.jpg 4 0 0 0 0 0 0 1 1 1 18.124 17.952 1.783
usf1686_LCC_L1_MS_B.jpg 4 2 2 1 2.327 2.288 2.259 49.596 4.947 49.385 1 1 1
usf1689_RCC_L1_MS_B.jpg 4 26.425 26.103 25.856 25.936 2.558 25.312 42.915 42.815 42.735 1 1 1
usf1689_RMLO_L1_MS_B.jpg 4 3 27 26 1.216 1.202 1.192 15.006 14.923 14.863 1 1 1
usf1696_RMLO_L1_CL_M.jpg 4 0 0 0 0 0 0 396 388 382 1 1 1
usf1697_RMLO_L1_CL_M.jpg 4 0 0 0 0 0 0 33.652 33.287 33.026 1 1 1
usf1700_RCC_L1_MS_M.jpg 5 2.315 23.184 23.197 55 53 51 31.717 31.527 31.397 1 1 1
usf1701_LMLO_L1_MS_M.jpg 5 0 0 0 0 0 0 0 0 0 1 1 1
usf1705_RCC_L1_CL_B.jpg 4 6 56 52 455 4.508 4.476 60.886 60.811 60.756 1 1 1
usf1705_RMLO_L1_CL_B.jpg 4 131 109 102 0 0 0 0 0 0 1 1 1
usf1709_LCC_L1_MS_B.jpg 4 74.559 74.559 74.555 0 0 0 1 1 1 9.511 9.452 9.397
usf1710_LMLO_L1_MS_B.jpg 3 0 0 0 25 23 22 1.097 10.912 10.865 1 1 1
usf1713_RCC_L1_CL_B.jpg 4 1.207 1.124 1.057 8.224 8.126 8.044 30.643 30.589 30.545 1 1 1
usf1716_RCC_L1_MS_B.jpg 4 4.398 4.326 4.265 14.787 14.717 14.646 1 1 1 6.603 65.812 65.668
usf1718_RCC_L1_MS_B.jpg 4 0 0 0 0 0 0 11.063 10.724 10.487 1 1 1
usf1718_RMLO_L1_MS_B.jpg 4 0 0 0 0 0 0 854 793 75 1 1 1
usf1719_LCC_L1_MS_B.jpg 4 0 0 0 1 1 0 1 1 1 586 569 557
usf1721_LMLO_L1_CL_M.jpg 4 79.059 79.175 79.255 0 0 0 5.749 5.585 5.465 1 1 1
usf1722_LCC_L1_CL_M.jpg 4 18.198 18.199 18.195 0 0 0 2.162 2.037 1.943 1 1 1
usf1724_LCC_L1_CL_M.jpg 4 0 0 0 0 0 0 1 1 1 55.758 55.525 55.351
usf1728_LCC_L1_CL_M.jpg 4 0 0 0 0 0 0 19.831 19.363 19.005 1 1 1
usf1730_LMLO_L1_CL_M.jpg 4 18 16 15 2.586 2.564 2.545 1 1 1 76.598 76.523 76.472
usf1731_LCC_L1_CL_M.jpg 4 0 0 0 0 0 0 3.104 2.823 2.646 1 1 1
usf1736_RCC_L1_CL_B.jpg 3 9.051 903 9.009 3 2 2 683 679 676 1 1 1
usf1737_RMLO_L1_MS_B.jpg 4 862 843 825 363 3.587 3.549 39.733 39.618 39.532 1 1 1
usf1738_LCC_L1_MS_B.jpg 4 56.084 56.069 56.054 0 0 0 0 0 0 1 1 1
usf1742_LCC_L1_MS_B.jpg 4 0 0 0 0 0 0 2 2 1 1 1 1
usf1742_LMLO_L1_MS_B.jpg 4 48 42 37 4.279 4.231 4.195 3.409 34.012 33.955 1 1 1
usf1743_LCC_L1_CL_B.jpg 4 0 0 0 0 0 0 0 0 0 1 1 1
usf1746_RMLO_L1_CL_B.jpg 4 613 573 543 11.443 11.372 11.314 31.681 31.571 31.482 1 1 1
usf1747_RCC_L1_MS_B.jpg 4 228 213 201 4.824 4.794 4.766 35.932 35.696 35.524 1 1 1
usf1748_RCC_L1_MS_B.jpg 3 1.328 13 1.274 3.738 3.697 3.663 19.606 19.518 19.455 1 1 1
usf1748_RMLO_L1_MS_B.jpg 3 1 1 1 808 8 794 14.092 13.854 13.686 1 1 1
usf1749_RMLO_L1_CL_B.jpg 4 0 0 0 0 0 0 1.937 1.903 188 1 1 1
usf1751_RCC_L1_CL_B.jpg 4 0 0 0 0 0 0 0 0 0 1 1 1
usf1755_LMLO_L1_CL_B.jpg 4 0 0 0 257 2.532 2.503 17.916 17.834 17.775 1 1 1
usf1757_LCC_L1_MS_B.jpg 3 23.547 23.535 2.352 0 0 0 3.348 3.297 3.259 1 1 1
usf1757_LMLO_L1_MS_B.jpg 3 37.403 37.384 37.365 0 0 0 0 0 0 1 1 1
usf1759_LMLO_L1_MS_B.jpg 3 0 0 0 0 0 0 3.297 3.277 326 1 1 1
usf1763_LCC_L1_MS_B.jpg 4 0 0 0 4 38 37 10.046 10.011 9.985 1 1 1
usf1768_LCC_L1_MS_B.jpg 4 4.998 4.909 4.836 11.011 10.886 10.783 62.051 6.187 61.739 1 1 1
usf1769_LCC_L1_MS_B.jpg 4 209 2.068 2.046 0 0 0 0 0 0 1 1 1
usf1770_RMLO_L1_MS_B.jpg 3 11 9 8 3.423 3.398 3.374 49.157 49.041 48.946 1 1 1
usf1771_RMLO_L1_MS_B.jpg 4 0 0 0 0 0 0 482 4.763 4.717 1 1 1
usf1772_LCC_L1_MS_M.jpg 4 47.024 47.188 473 0 0 0 4.265 389 3.622 1 1 1
usf1773_RCC_L1_CL_B.jpg 4 0 0 0 0 0 0 1 1 1 144 1.347 1.284
usf1773_RMLO_L1_CL_B.jpg 4 0 0 0 0 0 0 1 1 1 29.666 28.972 28.454
usf1774_LCC_L1_CL_B.jpg 4 109 98 9 4.401 4.362 4.331 38.663 38.556 38.482 1 1 1
usf1778_LMLO_L1_MS_B.jpg 4 349 323 306 8.548 8.517 8.493 1 1 1 7.695 76.884 76.847
usf1782_LCC_L1_CL_B.jpg 4 439 416 398 2.556 2.524 2.499 12.567 12.518 12.477 1 1 1
usf1782_LMLO_L1_CL_B.jpg 4 0 0 0 0 0 0 49.339 49.188 49.069 1 1 1
usf1783_LMLO_L1_CL_B.jpg 4 2.603 2.536 2.485 9.487 939 9.312 22.421 22.338 22.269 1 1 1
usf1784_LCC_L1_MS_B.jpg 4 1 0 0 953 942 933 80.995 80.871 80.773 1 1 1
usf1785_LMLO_L1_MS_B.jpg 3 0 0 0 0 0 0 15.172 15.099 15.041 1 1 1
usf1788_RMLO_L1_MS_B.jpg 4 0 0 0 0 0 0 60.084 59.728 59.462 1 1 1
usf1790_LMLO_L1_MS_M.jpg 4 308 283 264 10.868 10.808 10.764 1 1 1 32.491 32.273 32.111
usf1792_LCC_L1_MS_B.jpg 4 19.283 1.852 17.934 4.343 42.705 42.133 67.228 67.058 66.927 1 1 1
usf1796_RCC_L1_MS_B.jpg 4 0 0 0 0 0 0 0 0 0 1 1 1
usf1799_LCC_L1_MS_B.jpg 4 3.389 3.285 3.204 10.789 10.638 10.524 1 1 1 2.332 2.305 2.285
usf1805_LCC_L1_MS_B.jpg 4 59.577 59.681 59.752 1.351 1.312 1.277 1 1 1 7.811 7.537 7.321
usf1807_RMLO_L1_CL_B.jpg 4 50.557 50.541 50.525 0 0 0 0 0 0 1 1 1
usf1808_RMLO_L1_MS_B.jpg 4 2.393 2.283 22 16.092 15.909 15.767 34.722 34.595 345 1 1 1
usf1819_RMLO_L1_CL_M.jpg 4 22.655 22.643 22.629 0 0 0 1.244 1.201 1.169 1 1 1
usf1820_LMLO_L1_MS_M.jpg 4 56 48 43 6.509 6.457 641 60.173 60.084 60.012 1 1 1
usf1821_LMLO_L1_MS_M.jpg 5 0 0 0 0 0 0 80.637 80.419 80.264 1 1 1
usf1823_RMLO_L1_MS_M.jpg 4 6.072 597 5.885 14.035 1.389 13.768 69.618 69.477 69.361 1 1 1
usf1824_LCC_L1_CL_M.jpg 4 0 0 0 0 0 0 1.096 1.048 1.017 1 1 1
usf1826_RCC_L1_CL_M.jpg 4 0 0 0 0 0 0 925 915 9.074 1 1 1
usf1826_RMLO_L1_CL_M.jpg 4 67 61 55 5.032 4.991 4.956 42.496 42.398 42.322 1 1 1
usf1829_RCC_L1_CL_B.jpg 4 4.526 4.397 4.281 12.033 11.869 1.173 45.068 44.902 44.782 1 1 1
usf1833_LMLO_L1_MS_B.jpg 3 63 58 53 3.929 3.894 3.866 1 1 1 8.625 8.566 8.526
usf1834_LCC_L1_MS_B.jpg 4 11.572 11.183 1.088 40.072 39.633 3.929 1 1 1 46.319 46.265 46.222
usf1838_LMLO_L1_MS_B.jpg 3 0 0 0 0 0 0 2 1 1 1 1 1
usf1841_LCC_L1_CL_B.jpg 4 1.877 1.642 1.472 74.667 74.694 74.696 65.963 65.731 65.547 1 1 1
usf1843_RCC_L1_MS_B.jpg 2 14.043 14.048 14.044 0 0 0 1 1 1 37.313 37.155 37.037
usf1844_LMLO_L1_CL_B.jpg 4 0 0 0 0 0 0 1 1 1 69.307 69.131 69.006
usf1846_LMLO_L1_MS_B.jpg 4 212 206 201 613 6 59 15.651 15.479 15.359 1 1 1
usf1847_RCC_L1_MS_B.jpg 4 0 0 0 1.107 1.092 108 45.408 45.229 45.098 1 1 1
usf1847_RMLO_L1_MS_B.jpg 4 0 0 0 0 0 0 77.322 77.201 77.107 1 1 1
usf1848_LCC_L1_MS_M.jpg 4 0 0 0 0 0 0 1 1 1 0 0 0
usf1848_LMLO_L1_MS_M.jpg 4 0 0 0 0 0 0 1 1 1 702 678 66
usf1849_LMLO_L1_MS_M.jpg 4 206 192 18 4.937 4.884 4.844 1 1 1 4.362 4.186 4.056
usf1850_RCC_L1_CL_M.jpg 5 0 0 0 0 0 0 1 1 1 784 752 727
usf1854_LMLO_L1_CL_B.jpg 4 0 0 0 0 0 0 94 89 84 1 1 1
usf1859_RMLO_L1_CL_B.jpg 4 0 0 0 0 0 0 1.427 1.415 1.405 1 1 1
usf1861_RMLO_L1_CL_B.jpg 4 0 0 0 0 0 0 0 0 0 1 1 1
usf1863_RMLO_L1_MS_B.jpg 4 0 0 0 0 0 0 1 1 1 15.457 14.881 14.486
usf1866_LCC_L1_CL_B.jpg 4 29.791 29.771 29.751 0 0 0 0 0 0 1 1 1
usf1867_RMLO_L1_CL_B.jpg 4 63.721 63.718 6.371 35 34 32 6.358 6.324 6.296 1 1 1
usf1870_LCC_L1_CL_B.jpg 4 0 0 0 0 0 0 0 0 0 1 1 1
usf1870_LMLO_L1_CL_B.jpg 4 0 0 0 0 0 0 0 0 0 1 1 1
usf1873_LCC_L1_CL_M.jpg 4 0 0 0 0 0 0 57.328 56.971 567 1 1 1
usf1873_LMLO_L1_CL_M.jpg 4 564 54 523 2.247 2.217 2.195 4.612 4.586 4.565 1 1 1
usf1876_LCC_L1_MS_B.jpg 4 0 0 0 0 0 0 9.684 9.621 9.576 1 1 1
usf1878_LCC_L1_MS_B.jpg 4 30.644 30.633 30.617 1.737 172 1.705 2.121 21.147 21.099 1 1 1
usf1879_RMLO_L1_MS_B.jpg 4 0 0 0 1 1 1 42.305 42.235 42.183 1 1 1
usf1881_RMLO_L1_MS_B.jpg 4 0 0 0 0 0 0 59.048 58.791 58.608 1 1 1
usf1882_LMLO_L1_MS_B.jpg 3 0 0 0 111 108 106 4.552 4.532 4.516 1 1 1
usf1885_LMLO_L1_CL_B.jpg 4 0 0 0 0 0 0 19.723 19.491 19.317 1 1 1
usf1888_LMLO_L1_CL_B.jpg 4 25.886 25.605 25.398 20.123 19.776 19.518 61.006 60.886 60.792 1 1 1
usf1891_RMLO_L1_CL_B.jpg 4 1 1 1 1.772 177 1.766 53.808 53.273 52.908 1 1 1
usf1893_LCC_L1_MS_M.jpg 4 20.707 21.016 21.232 0 0 0 82.669 82.382 8.217 1 1 1
usf1898_RCC_L1_CL_M.jpg 4 0 0 0 0 0 0 4.692 4.659 4.636 1 1 1
usf1899_LCC_L1_MS_M.jpg 5 17.833 17.836 17.831 61 56 53 1 1 1 16.206 16.051 15.931
usf1903_LCC_L1_CL_M.jpg 4 16.964 16.561 16.247 37.536 37.183 369 97.568 97.468 974 1 1 1
usf1904_RMLO_L1_MS_M.jpg 4 3.448 3.379 3.323 12.131 12.069 12.013 1 1 1 25.982 25.528 25.219
usf1911_RCC_L1_MS_B.jpg 3 0 0 0 0 0 0 8.348 7.804 7.452 1 1 1
usf1912_RCC_L1_MS_B.jpg 3 35.046 35.026 35.007 0 0 0 181 177 174 1 1 1
usf1922_RCC_L1_MS_B.jpg 3 0 0 0 0 0 0 2.617 2.573 2.542 1 1 1
usf1922_RMLO_L1_MS_B.jpg 3 2 2 1 3.983 3.968 3.956 1 1 1 83.834 83.773 83.726
usf1924_RMLO_L1_CL_B.jpg 4 0 0 0 0 0 0 27.984 27.804 27.676 1 1 1
usf1925_RMLO_L1_CL_B.jpg 4 0 0 0 0 0 0 0 0 0 1 1 1
usf1929_LCC_L1_CL_M.jpg 4 13.896 13.892 13.881 1.684 1.652 1.624 38.262 38.106 37.986 1 1 1
usf1929_LMLO_L1_CL_M.jpg 4 11.712 11.699 11.683 0 0 0 2.248 217 2.116 1 1 1
usf1930_LMLO_L1_CL_M.jpg 4 0 0 0 0 0 0 47.279 47.119 4.701 1 1 1
usf1934_LCC_L1_CL_B.jpg 3 0 0 0 0 0 0 10.223 9.533 9.088 1 1 1
usf1935_RMLO_L1_CL_B.jpg 4 1.702 1.605 1.533 18.887 18.785 187 96.377 96.262 9.617 1 1 1
usf1940_LMLO_L1_MS_B.jpg 3 0 0 0 0 0 0 0 0 0 1 1 1
usf1942_LMLO_L1_MS_B.jpg 4 44 417 397 5.776 5.715 5.663 1 1 1 5.421 5.349 5.295
usf1943_RCC_L1_MS_B.jpg 4 9.282 926 9.238 0 0 0 1 1 1 1 1 1
usf1944_RCC_L1_CL_B.jpg 4 0 0 0 0 0 0 53.727 5.355 53.409 1 1 1
usf1945_LCC_L1_CL_B.jpg 4 0 0 0 0 0 0 18.617 18.356 18.169 1 1 1
usf1945_LMLO_L1_CL_B.jpg 4 0 0 0 0 0 0 7.269 7.108 6.989 1 1 1
usf1948_LCC_L1_MS_B.jpg 4 0 0 0 1 98 96 8.293 8.227 8.179 1 1 1
usf1950_RCC_L1_MS_B.jpg 5 0 0 0 0 0 0 47.462 47.137 46.912 1 1 1
usf1953_RMLO_L1_CL_B.jpg 4 8 6 5 1.608 1.595 1.582 17.415 17.307 17.223 1 1 1
usf1954_LCC_L1_CL_B.jpg 4 0 0 0 226 22 216 14.101 1.397 13.879 1 1 1
usf1982_LCC_L1_MS_B.jpg 4 8.976 865 841 28.767 28.396 28.128 33.074 32.959 32.876 1 1 1
usf1982_LMLO_L1_MS_B.jpg 4 14.159 13.741 13.406 49.621 49.361 49.139 1 1 1 555 55.279 55.122
usf1983_LMLO_L1_CL_M.jpg 4 0 0 0 0 0 0 304 295 287 1 1 1
usf1986_RMLO_L1_MS_M.jpg 4 0 0 0 0 0 0 7.222 7.168 7.128 1 1 1
usf1987_RCC_L1_MS_M.jpg 4 10.443 10.496 10.525 0 0 0 1 1 1 47.687 47.239 46.911
usf1999_RMLO_L1_MS_M.jpg 5 1.492 1.419 1.364 15.986 15.948 15.912 1 1 1 97.969 98.039 98.099
usf3002_LCC_L1_MS_B.jpg 3 0 0 0 5.315 5.285 5.259 14.281 14.232 14.197 1 1 1
usf3002_LCC_L2_CL_M.jpg 3 53.103 53.085 53.067 0 0 0 0 0 0 1 1 1
usf3002_LMLO_L2_CL_M.jpg 3 20.462 20.445 2.042 3.543 3.519 3.501 41.687 416 41.543 1 1 1
usf3003_RMLO_L1_CL_M.jpg 5 12.917 12.891 12.862 6.452 6.397 6.354 20.749 20.665 20.611 1 1 1
usf3005_LMLO_L2_CL_M.jpg 4 0 0 0 633 622 616 5.341 5.247 5.188 1 1 1
usf3005_LMLO_L3_CL_M.jpg 4 0 0 0 3.032 30.277 30.246 17.458 17.373 17.322 1 1 1
usf3007_LCC_L1_CL_M.jpg 4 0 0 0 13.236 13.217 13.204 69.616 69.495 69.431 1 1 1
usf3007_LMLO_L1_CL_M.jpg 4 0 0 0 44.293 44.281 4.427 80.095 79.992 79.947 1 1 1
usf3009_RMLO_L1_CL_M.jpg 4 36.079 36.106 36.113 0 0 0 3.798 3.658 3.571 1 1 1
usf3010_RCC_L2_MS_M.jpg 4 0 0 0 0 0 0 0 0 0 1 1 1
usf3012_RMLO_L1_MS_M.jpg 4 0 0 0 0 0 0 24.814 24.696 24.616 1 1 1
usf3013_RCC_L2_MS_M.jpg 5 24.336 24.313 24.289 0 0 0 13 11 1 1 1 1
usf3016_RCC_L1_MS_M.jpg 4 54.809 5.486 54.875 5.883 5.863 5.847 20.442 203 20.217 1 1 1
usf3016_RMLO_L1_MS_M.jpg 4 16.427 16.427 16.415 0 0 0 1.069 10.528 10.434 1 1 1
usf3018_LMLO_L1_MS_M.jpg 4 0 0 0 0 0 0 129 98 83 1 1 1
usf3021_LCC_L2_MS_M.jpg 3 0 0 0 0 0 0 0 0 0 1 1 1
usf3022_RMLO_L1_MS_M.jpg 5 0 0 0 0 0 0 1 0 0 1 1 1
usf3024_RCC_L1_MS_B.jpg 3 0 0 0 29.807 29.769 29.736 12.496 12.425 12.376 1 1 1
usf3025_RCC_L2_MS_M.jpg 5 0 0 0 4.655 4.644 4.631 7.534 7.449 7.397 1 1 1
usf3025_RMLO_L2_CL_M.jpg 5 32.279 32.337 32.355 0 0 0 23.727 23.502 23.373 1 1 1
usf3026_RCC_L3_CL_M.jpg 4 0 0 0 0 0 0 0 0 0 1 1 1
usf3026_RMLO_L2_CL_M.jpg 4 0 0 0 129 126 123 898 8.953 8.933 1 1 1
usf3026_RMLO_L4_CL_M.jpg 4 0 0 0 0 0 0 414 4.122 4.108 1 1 1
usf3029_LCC_L1_MS_B.jpg 3 66.185 66.297 66.341 9.663 9.631 9.607 45.931 45.781 45.702 1 1 1
usf3029_LCC_L2_CL_M.jpg 3 55.478 55.538 55.557 22 19 18 2.141 2.127 21.191 1 1 1
usf3029_LMLO_L3_CL_M.jpg 3 0 0 0 0 0 0 2 17 15 1 1 1
usf3029_LMLO_L5_CL_M.jpg 3 0 0 0 116 1.145 1.136 24.601 24.482 24.412 1 1 1
usf3030_RMLO_L1_CL_B.jpg 4 0 0 0 1.203 1.198 1.194 25.199 24.763 24.512 1 1 1
usf3031_LMLO_L1_CL_M.jpg 4 68.519 68.566 68.587 0 0 0 722 632 581 1 1 1
usf3031_RMLO_L1_MS_B.jpg 2 0 0 0 94.506 94.898 95.138 1 1 1 26.163 25.858 25.661
usf3035_RCC_L1_MS_M.jpg 4 3.223 32.208 32.185 0 0 0 0 0 0 1 1 1
usf3041_LCC_L1_CL_M.jpg 5 0 0 0 3.197 3.187 3.176 8.684 8.632 8.596 1 1 1
usf3042_LMLO_L1_MS_M.jpg 3 0 0 0 45.852 45.825 45.811 34.519 34.355 34.256 1 1 1
usf3045_LCC_L1_CL_M.jpg 4 0 0 0 56 53 51 7.284 7.237 7.207 1 1 1
usf3046_LMLO_L1_MS_M.jpg 4 0 0 0 0 0 0 0 0 0 1 1 1
usf3049_RMLO_L1_CL_B.jpg 4 0 0 0 0 0 0 0 0 0 1 1 1
usf3053_RCC_L2_MS_M.jpg 4 0 0 0 0 0 0 34.414 34.244 34.137 1 1 1
usf3055_RCC_L1_CL_M.jpg 5 5.978 59.805 59.808 39.828 39.806 39.797 32.719 32.601 32.535 1 1 1
usf3055_RMLO_L1_CL_M.jpg 5 14.693 14.669 14.644 0 0 0 401 396 391 1 1 1
usf3056_LCC_L1_MS_M.jpg 3 0 0 0 0 0 0 8.426 8.362 8.322 1 1 1
usf3056_LMLO_L1_MS_M.jpg 3 0 0 0 0 0 0 19 18 17 1 1 1
usf3057_RCC_L1_MS_M.jpg 4 0 0 0 0 0 0 0 0 0 1 1 1
usf3057_RMLO_L1_MS_M.jpg 4 0 0 0 1.242 12.389 12.371 50.005 49.878 4.981 1 1 1
usf3059_RMLO_L3_CL_M.jpg 5 0 0 0 0 0 0 0 0 0 1 1 1
usf3062_LCC_L1_MS_M.jpg 4 14.886 14.864 14.839 127 121 118 5.955 5.895 5.853 1 1 1
usf3062_LMLO_L1_MS_M.jpg 3 6.529 6.498 6.465 20.478 20.455 20.437 25.309 2.521 25.142 1 1 1
usf3064_LCC_L1_MS_M.jpg 4 73.694 73.723 73.732 39 34 32 18.086 18.019 17.975 1 1 1
usf3064_LMLO_L1_MS_M.jpg 5 0 0 0 3.883 3.869 3.856 3.796 3.749 3.715 1 1 1
usf3067_RMLO_L1_MS_M.jpg 4 0 0 0 32.904 32.852 32.828 77.552 77.422 77.365 1 1 1
usf3068_RCC_L1_MS_M.jpg 4 0 0 0 0 0 0 6.373 6.304 6.261 1 1 1
usf3069_RCC_L1_MS_M.jpg 3 0 0 0 0 0 0 0 0 0 1 1 1
usf3070_RMLO_L1_MS_M.jpg 4 0 0 0 19.967 19.976 1.997 53.277 53.023 52.883 1 1 1
usf3071_LCC_L1_MS_M.jpg 4 6.368 6.342 6.315 47 46 45 10.126 10.102 10.083 1 1 1
usf3072_LMLO_L1_MS_M.jpg 3 0 0 0 0 0 0 18 13 11 1 1 1
usf3074_RMLO_L1_MS_M.jpg 4 0 0 0 0 0 0 0 0 0 1 1 1
usf3075_RMLO_L2_CL_M.jpg 4 0 0 0 0 0 0 274 254 242 1 1 1
usf3076_LCC_L2_CL_M.jpg 4 34.636 34.623 34.603 93 88 85 14.823 1.477 14.736 1 1 1
usf3076_LMLO_L2_CL_M.jpg 4 26.669 26.662 26.647 0 0 0 4.106 4.029 3.981 1 1 1
usf3077_RMLO_L1_MS_M.jpg 5 68.024 68.056 68.065 0 0 0 6.689 6.609 6.559 1 1 1
usf3078_LMLO_L1_MS_M.jpg 4 0 0 0 0 0 0 22.082 21.944 21.864 1 1 1
usf3078_RCC_L1_MS_B.jpg 3 0 0 0 17.083 17.048 17.028 33.406 33.303 33.248 1 1 1
usf3078_RMLO_L1_MS_B.jpg 3 0 0 0 1.754 17.524 17.518 70.177 70.039 69.967 1 1 1
usf3080_LCC_L1_MS_M.jpg 4 16.095 16.071 16.046 0 0 0 0 0 0 1 1 1
usf3082_LCC_L1_CL_M.jpg 4 0 0 0 3.492 3.466 345 12.738 12.672 12.631 1 1 1
usf3083_RCC_L1_MS_M.jpg 1 0 0 0 76.659 76.657 76.652 4.822 48.091 48.018 1 1 1
usf3089_LCC_L1_MS_M.jpg 4 0.2 19.976 19.952 0 0 0 0 0 0 1 1 1
usf3106_RCC_L1_MS_M.jpg 4 0 0 0 0 0 0 224 212 204 1 1 1
usf3109_RMLO_L1_MS_M.jpg 4 10.083 10.058 10.033 0 0 0 0 0 0 1 1 1
usf3110_LMLO_L1_CL_B.jpg 4 0 0 0 0 0 0 35 26 21 1 1 1
usf3116_RMLO_L1_MS_B.jpg 4 0 0 0 0 0 0 2.445 2.419 2.402 1 1 1
usf3120_RMLO_L2_CL_B.jpg 4 53.589 53.581 53.569 0 0 0 289 268 254 1 1 1
usf3123_LCC_L1_MS_B.jpg 4 0 0 0 0 0 0 3 2 2 1 1 1
usf3123_LMLO_L1_MS_B.jpg 3 0 0 0 0 0 0 0 0 0 1 1 1
usf3147_LMLO_L1_CL_B.jpg 4 0 0 0 0 0 0 0 0 0 1 1 1
usf3157_RCC_L1_MS_B.jpg 4 59.204 59.188 59.171 0 0 0 0 0 0 1 1 1
usf3157_RMLO_L1_MS_B.jpg 4 6.808 6.784 6.759 0 0 0 125 108 98 1 1 1
usf3358_LCC_L1_CL_B.jpg 3 0 0 0 0 0 0 2.802 275 272 1 1 1
usf3360_RCC_L1_MS_B.jpg 3 0 0 0 141 93 78 1 1 1 21.014 20.819 20.692
usf3360_RMLO_L1_MS_B.jpg 4 0 0 0 15.719 15.239 15.087 1 1 1 50.165 50.292 50.283
usf3363_RCC_L1_CL_B.jpg 4 80.041 80.037 80.029 0 0 0 5.143 512 5.103 1 1 1
usf3365_RMLO_L1_CL_B.jpg 4 0 0 0 0 0 0 1.331 1.312 13 1 1 1
usf3367_LCC_L1_CL_B.jpg 4 0 0 0 0 0 0 0 0 0 1 1 1
usf3367_LMLO_L1_CL_B.jpg 4 0 0 0 0 0 0 0 0 0 1 1 1
usf3368_LCC_L1_MS_B.jpg 3 14.084 14.067 14.046 0 0 0 394 3.863 3.816 1 1 1
usf3374_LMLO_L1_CL_M.jpg 4 50.359 50.341 50.323 0 0 0 15 12 11 1 1 1
usf3375_RMLO_L1_MS_M.jpg 4 0 0 0 3.987 3.964 395 29.494 29.419 29.377 1 1 1
usf3379_RCC_L1_MS_M.jpg 4 0 0 0 1.473 1.283 122 19.919 19.681 19.585 1 1 1
usf3379_RMLO_L1_MS_M.jpg 4 0 0 0 0 0 0 573 517 485 1 1 1
usf3387_RCC_L1_MS_M.jpg 5 0 0 0 2 1 1 13.224 13.156 13.114 1 1 1
usf3390_LMLO_L1_MS_M.jpg 4 0 0 0 0 0 0 207 203 199 1 1 1
usf3391_LMLO_L1_MS_M.jpg 4 0 0 0 0 0 0 0 0 0 1 1 1
usf3394_RMLO_L1_MS_M.jpg 4 0 0 0 38 329 31 41.461 41.327 41.255 1 1 1
usf3395_RCC_L1_MS_M.jpg 4 0 0 0 0 0 0 1.296 1.287 128 1 1 1
usf3395_RMLO_L1_MS_M.jpg 4 0 0 0 0 0 0 19.805 19.737 19.689 1 1 1
usf3397_LCC_L1_CL_M.jpg 5 11.986 11.964 11.939 0 0 0 9.075 9.018 8.981 1 1 1
usf3397_LMLO_L1_CL_M.jpg 5 0 0 0 0 0 0 10.979 10.872 10.804 1 1 1
usf3400_LMLO_L1_CL_B.jpg 4 0 0 0 0 0 0 5.392 5.201 509 1 1 1
usf3400_LMLO_L2_CL_B.jpg 4 0 0 0 0 0 0 179 173 169 1 1 1
usf3402_RCC_L1_MS_M.jpg 4 1 1 1 3.745 3.622 3.576 86.695 86.394 86.264 69.176 68.953 68.826
usf3403_RMLO_L1_MS_M.jpg 3 0 0 0 3.713 3.566 3.506 31.655 31.456 31.364 1 1 1
usf3405_RMLO_L1_MS_M.jpg 5 0 0 0 0 0 0 0 0 0 1 1 1
usf3418_LCC_L1_CL_B.jpg 4 1.564 15.617 1.559 0 0 0 25.266 25.205 2.516 1 1 1
usf3421_LMLO_L1_CL_B.jpg 4 0 0 0 0 0 0 0 0 0 1 1 1
usf3423_LCC_L1_CL_B.jpg 4 12.814 12.789 12.764 0 0 0 295 2.935 2.922 1 1 1
usf3425_LMLO_L1_MS_B.jpg 2 0 0 0 0 0 0 36.025 35.772 35.609 1 1 1
usf3425_LMLO_L2_CL_B.jpg 2 0 0 0 0 0 0 98.936 98.892 9.885 1 1 1
usf3426_LMLO_L1_CL_B.jpg 4 0 0 0 1 0 0 1 1 1 74.222 74.179 74.158
usf3433_LCC_L1_MS_B.jpg 4 0 0 0 0 0 0 17.837 17.771 17.731 1 1 1
usf3433_LMLO_L1_MS_B.jpg 4 0 0 0 0 0 0 38.599 38.498 38.435 1 1 1
usf3441_RMLO_L1_CL_M.jpg 3 0 0 0 0 0 0 13.109 13.049 13.006 1 1 1
usf3443_RMLO_L1_MS_B.jpg 4 0 0 0 0 0 0 0 0 0 1 1 1
usf3460_LCC_L1_CL_B.jpg 4 0 0 0 5.454 4.633 4.388 79.326 78.429 7.813 1 1 1
usf3467_LCC_L1_CL_B.jpg 4 0 0 0 1 1 1 1 1 1 69.812 69.629 69.519
usf3470_LMLO_L1_CL_B.jpg 4 0 0 0 0 0 0 9.639 9.579 9.541 1 1 1
usf3471_LMLO_L1_CL_B.jpg 4 0 0 0 11 8 7 72.188 72.151 72.125 1 1 1
usf3475_LCC_L1_MS_M.jpg 4 0 0 0 0 0 0 0 0 0 1 1 1
usf3475_LMLO_L1_MS_M.jpg 3 0 0 0 14 1 9 19.027 18.941 18.888 1 1 1
usf3476_LCC_L1_CL_M.jpg 4 0 0 0 0 0 0 0 0 0 1 1 1
usf3477_LMLO_L1_MS_M.jpg 4 0 0 0 0 0 0 25.558 25.478 2.543 1 1 1
usf3478_LMLO_L1_MS_M.jpg 4 0 0 0 0 0 0 1.737 16.948 16.707 1 1 1
usf3481_RMLO_L1_CL_B.jpg 2 0 0 0 0 0 0 9.253 92.401 92.323 1 1 1
usf3483_RMLO_L1_MS_B.jpg 4 0 0 0 186 141 125 1 1 1 55.537 55.463 55.416
usf3490_RCC_L1_MS_B.jpg 3 0 0 0 0 0 0 13.113 13.026 12.975 1 1 1
usf3490_RMLO_L1_MS_B.jpg 3 0 0 0 0 0 0 589 546 524 1 1 1
usf3491_RCC_L1_MS_B.jpg 4 0 0 0 2.722 2.449 2.365 49.027 48.703 48.584 1 1 1
usf3491_RMLO_L1_MS_B.jpg 4 0 0 0 293 273 265 39.287 39.012 38.837 1 1 1
usf3492_LMLO_L1_MS_B.jpg 4 0 0 0 0 0 0 27.131 26.792 26.592 1 1 1
usf3496_RCC_L2_CL_B.jpg 4 0 0 0 5 4 3 2.654 2.627 2.607 1 1 1
usf3499_LMLO_L1_CL_B.jpg 4 0 0 0 0 0 0 0 0 0 1 1 1
usf3501_RMLO_L1_MS_M.jpg 4 28.702 28.708 287 0 0 0 3.358 325 3.191 1 1 1
usf3502_RCC_L1_CL_M.jpg 4 0 0 0 0 0 0 0 0 0 1 1 1
usf3502_RCC_L2_CL_M.jpg 4 0 0 0 0 0 0 44 4 38 1 1 1
usf3503_LMLO_L1_MS_M.jpg 5 0 0 0 0 0 0 32.365 32.288 32.239 1 1 1
usf3504_RCC_L1_MS_M.jpg 5 0 0 0 0 0 0 144 134 127 1 1 1
usf3505_LMLO_L1_MS_M.jpg 4 26.019 26.054 26.058 0 0 0 31.605 31.412 31.301 1 1 1
usf3507_LCC_L2_CL_M.jpg 5 4.882 4.857 4.832 0 0 0 0 0 0 1 1 1
usf3507_LMLO_L2_CL_M.jpg 5 0 0 0 0 0 0 0 0 0 1 1 1
usf3509_LCC_L2_CL_M.jpg 4 0 0 0 0 0 0 1 1 1 76.081 76.035 76.005
usf3509_LMLO_L3_CL_M.jpg 4 0 0 0 19 13 12 1 1 1 59.139 59.051 59.003
usf3515_LCC_L1_MS_B.jpg 4 0 0 0 0 0 0 295 2.867 2.813 1 1 1
usf3515_LMLO_L2_MS_B.jpg 4 0 0 0 0 0 0 20.649 20.513 20.426 1 1 1
usf3515_RMLO_L2_CL_M.jpg 0 0 0 0 0 0 0 32.192 31.934 3.177 1 1 1
usf3516_LCC_L1_CL_M.jpg 4 0 0 0 1 1 1 1 1 1 69.395 69.382 69.374
usf4003_LMLO_L1_MS_B.jpg 0 0 0 0 0 0 0 1.199 114 1.101 1 1 1
usf4004_LCC_L1_MS_B.jpg 0 72 68 63 2.586 2.574 2.562 8.179 8.127 8.083 1 1 1
usf4011_RMLO_L1_MS_B.jpg 0 15.311 1.518 1.508 19.244 19.089 18.969 1 1 1 69.352 69.208 69.102
usf4016_LCC_L1_MS_B.jpg 0 0 0 0 516 511 506 7.084 7.017 6.968 1 1 1
usf4017_RCC_L1_MS_B.jpg 0 1 1 1 877 869 862 12.901 12.842 12.794 1 1 1
usf4017_RMLO_L1_MS_B.jpg 0 72 652 603 20.929 20.812 20.722 49.979 49.882 49.812 1 1 1
usf4018_RCC_L1_MS_B.jpg 0 3 3 3 885 879 872 39.683 39.482 39.339 1 1 1
usf4018_RMLO_L1_MS_B.jpg 0 0 0 0 2.608 2.568 2.532 3.908 38.989 38.924 1 1 1
usf4023_RMLO_L1_MS_B.jpg 0 0 0 0 0 0 0 9.774 9.676 9.605 1 1 1
usf4024_LCC_L1_MS_B.jpg 0 0 0 0 0 0 0 28.759 28.162 27.765 1 1 1
usf4028_LCC_L1_MS_B.jpg 0 0 0 0 0 0 0 19.682 19.165 18.808 1 1 1
usf4029_RCC_L1_MS_B.jpg 0 51.971 51.688 51.471 36.176 35.799 3.552 7.258 7.242 72.302 1 1 1
usf4029_RMLO_L1_MS_B.jpg 0 12.801 1.269 12.602 26.987 26.864 26.766 50.993 5.076 50.589 1 1 1
usf4033_LMLO_L1_MS_B.jpg 0 0 0 0 593 587 581 3.105 30.913 30.813 1 1 1
usf4035_RCC_L1_MS_B.jpg 0 0 0 0 0 0 0 39.217 38.721 38.372 1 1 1
usf4035_RMLO_L1_MS_B.jpg 0 22.033 21.745 2.153 34.197 33.919 3.371 1 1 1 65.849 65.734 65.652
usf4040_RCC_L1_MS_B.jpg 0 0 0 0 0 0 0 262 239 225 1 1 1
usf4042_LCC_L1_MS_B.jpg 0 0 0 0 0 0 0 698 689 682 1 1 1
usf4045_LCC_L1_MS_B.jpg 0 2.714 2.615 2.542 10.077 9.962 9.875 31.783 31.663 31.573 1 1 1
usf4047_LCC_L1_MS_B.jpg 0 0 0 0 0 0 0 42 37 34 1 1 1
usf4048_LCC_L1_MS_B.jpg 0 18.586 18.414 18.296 1.705 16.838 16.688 46.262 46.144 4.606 1 1 1
usf4050_LMLO_L1_CL_B.jpg 0 12.596 12.577 12.553 6.515 6.496 6.479 1 1 1 56.966 56.884 56.813
usf4055_LMLO_L1_MS_B.jpg 0 3.232 319 3.155 6.928 6.874 683 38.517 3.836 38.253 1 1 1
usf4066_RCC_L1_MS_B.jpg 0 4 4 3 806 801 795 12.107 11.958 11.854 1 1 1
usf4067_RCC_L1_MS_B.jpg 0 7.355 7.334 7.312 0 0 0 197 194 19 1 1 1
usf4068_RMLO_L1_MS_B.jpg 0 0 0 0 0 0 0 73.269 72.924 72.685 1 1 1
usf4078_LCC_L1_MS_B.jpg 0 0 0 0 0 0 0 1 1 1 55.541 55.356 55.243
usf4078_LMLO_L1_MS_B.jpg 0 0 0 0 0 0 0 2.879 28.247 27.892 1 1 1
usf4082_LMLO_L1_MS_B.jpg 3 1.348 13.501 13.508 0 0 0 28.321 28.075 27.895 1 1 1
usf4084_LMLO_L1_MS_B.jpg 0 8.661 8.639 8.617 0 0 0 0 0 0 1 1 1
usf4087_RCC_L1_MS_M.jpg 0 82.284 8.233 8.234 16.542 16.424 16.328 1 1 1 59.735 59.641 59.567
usf4089_LCC_L1_MS_B.jpg 0 15.527 15.367 15.245 13.941 13.752 13.606 30.828 30.715 30.626 1 1 1
usf4092_LMLO_L1_MS_B.jpg 0 0 0 0 0 0 0 771 762 756 1 1 1
usf4093_LMLO_L1_MS_M.jpg 0 0 0 0 115 113 111 1 1 1 97.556 97.544 9.754
usf4095_LCC_L1_MS_B.jpg 0 0 0 0 7 7 7 2.429 2.365 2.322 1 1 1
usf4096_RCC_L1_MS_M.jpg 0 81.215 81.208 81.201 0 0 0 0 0 0 1 1 1
usf4096_RMLO_L1_MS_M.jpg 0 36.439 36.446 36.444 0 0 0 10.036 995 9.889 1 1 1
usf4100_RMLO_L1_CL_B.jpg 0 0 0 0 7 6 6 16.187 16.142 16.105 1 1 1
usf4101_LCC_L1_MS_M.jpg 3 0 0 0 1 0 0 98.047 97.985 97.929 1 1 1
usf4102_RCC_L1_MS_M.jpg 5 2.184 2.158 2.132 3.244 3.226 321 15.989 15.927 15.879 1 1 1
usf4103_RCC_L1_CL_M.jpg 3 8.164 8.143 812 364 341 326 13.112 13.042 12.993 1 1 1
usf4103_RMLO_L1_CL_M.jpg 3 41.152 41.137 4.112 0 0 0 854 839 829 1 1 1
usf4105_RCC_L1_CL_M.jpg 3 41.315 41.309 41.296 25 23 21 23.724 23.656 23.603 1 1 1
usf4106_LMLO_L1_MS_M.jpg 5 0 0 0 0 0 0 24.834 2.454 24.331 1 1 1
usf4107_RCC_L1_MS_M.jpg 3 10.483 104 10.333 4.419 4.306 422 15.074 15.004 14.949 1 1 1
usf4108_LMLO_L1_MS_M.jpg 5 24.127 24.148 24.156 1 1 1 16.287 16.115 1.599 1 1 1
usf4111_LMLO_L1_MS_M.jpg 3 0 0 0 0 0 0 5.679 5.518 5.407 1 1 1
usf4114_LMLO_L1_MS_M.jpg 3 51 41 35 23.583 23.563 23.537 59.774 59.608 59.486 1 1 1
usf4117_LMLO_L1_CL_M.jpg 3 0 0 0 0 0 0 19.884 19.785 19.714 1 1 1
usf4123_RMLO_L1_CL_M.jpg 3 0 0 0 0 0 0 1.043 995 962 1 1 1
usf4125_LCC_L1_MS_M.jpg 3 8.661 8.639 8.617 0 0 0 0 0 0 1 1 1
usf4125_LMLO_L1_MS_M.jpg 3 0 0 0 0 0 0 0 0 0 1 1 1
usf4125_RCC_L1_MS_M.jpg 3 57.368 57.353 57.339 0 0 0 0 0 0 1 1 1
usf4127_RMLO_L1_CL_M.jpg 3 0 0 0 2 2 1 1.382 13.694 13.597 1 1 1
usf4128_LMLO_L1_MS_M.jpg 3 0 0 0 0 0 0 0 0 0 1 1 1
usf4129_RMLO_L1_MS_M.jpg 3 32.313 32.295 32.272 8.778 8.758 8.739 39.347 39.296 39.258 1 1 1
usf4130_LCC_L1_CL_M.jpg 3 208 2.078 2.076 4 36 34 7.719 7.688 7.662 1 1 1
usf4133_RCC_L1_MS_M.jpg 3 1 1 1 35.718 35.586 3.548 4.711 47.023 46.965 92.766 92.789 92.823
usf4133_RMLO_L1_MS_M.jpg 3 55.572 55.587 5.559 0 0 0 20.852 20.772 20.708 1 1 1
usf4135_RCC_L1_MS_M.jpg 3 0 0 0 0 0 0 0 0 0 1 1 1
usf4139_LCC_L1_MS_M.jpg 3 17 16 15 1.922 1.909 1.897 27.635 2.756 27.506 1 1 1
usf4139_LMLO_L1_MS_M.jpg 3 0 0 0 149 147 1.455 4.434 44.254 44.195 1 1 1
usf4144_LCC_L1_CL_M.jpg 3 4.469 44.677 44.662 0 0 0 336 321 311 1 1 1
usf4146_LCC_L1_MS_M.jpg 0 0 0 0 629 624 62 2.418 24.076 24.005 1 1 1
usf4146_LMLO_L1_MS_M.jpg 0 0 0 0 0 0 0 6 4 3 1 1 1
usf4148_RCC_L1_MS_M.jpg 0 142 131 123 4.452 4.441 4.428 1 1 1 3.897 38.684 3.849
usf4150_RMLO_L1_MS_M.jpg 0 0 0 0 0 0 0 19.769 19.658 19.574 1 1 1
usf4151_RCC_L1_CL_M.jpg 0 7.768 77.578 77.497 12.956 12.809 12.694 26.216 26.144 26.084 1 1 1
usf4152_RMLO_L1_CL_M.jpg 0 0 0 0 0 0 0 1.867 1.854 1.844 1 1 1
usf4156_RCC_L1_CL_M.jpg 0 58 56 53 1.901 1.893 1.885 26.374 25.984 25.697 1 1 1
usf4157_LCC_L1_CL_M.jpg 0 9 8 8 246 2.438 2.416 1 1 1 18.192 18.017 17.892
usf4157_LMLO_L1_CL_M.jpg 0 548 532 517 4.354 4.313 4.277 1 1 1 5.944 5.849 5.777
usf4158_LCC_L1_CL_M.jpg 0 56.408 56.396 56.383 0 0 0 154 145 138 1 1 1
usf4164_LMLO_L1_CL_B.jpg 0 0 0 0 241 238 234 55.599 55.331 55.123 1 1 1
usf4175_RMLO_L1_MS_M.jpg 3 12 111 105 4.202 4.204 4.202 61.736 61.428 61.217 1 1 1
usf4182_LCC_L1_CL_M.jpg 3 7.662 7.639 7.616 1.003 996 989 1.397 13.922 13.883 1 1 1
usf4182_LMLO_L1_CL_M.jpg 3 765 733 714 8.228 8.179 8.145 3.888 38.763 38.681 1 1 1
usf4183_LCC_L1_CL_M.jpg 3 4.285 4.226 4.176 3.084 3.033 2.996 22.803 22.742 22.695 1 1 1
usf4185_RCC_L1_MS_M.jpg 5 30.531 30.521 30.507 0 0 0 3.749 37 3.662 1 1 1
usf4185_RMLO_L1_MS_M.jpg 5 22 2 18 2.288 2.274 2.262 27.946 27.817 27.724 1 1 1
usf4188_LCC_L1_CL_M.jpg 0 0 0 0 0 0 0 44.493 44.223 44.033 1 1 1
usf4188_LMLO_L1_CL_M.jpg 0 1.223 12.024 1.187 46.621 46.458 46.327 0.95 94.912 94.842 1 1 1
usf4189_LMLO_L1_CL_M.jpg 0 115 11.189 10.951 50.056 49.929 49.823 1 1 1 72.256 72.201 72.175
usf4196_RCC_L1_CL_B.jpg 0 0 0 0 0 0 0 0 0 0 1 1 1
usf4199_RMLO_L1_CL_M.jpg 0 19.223 18.748 18.371 40.774 40.334 39.978 54.692 54.498 54.339 1 1 1
