0 5 0.0000 0.0000 0.0000 1.0000 1.0000 1.0000 653.0000 6.5040 6.4860 1.0000 1.0000 1.0000 
0 5 19.2220 19.2230 19.2090 8.0000 7.0000 7.0000 12.9870 12.8370 12.7550 1.0000 1.0000 1.0000 
0 5 0.0000 0.0000 0.0000 14.2420 14.1230 14.0710 71.7120 7.1480 71.3670 1.0000 1.0000 1.0000 
0 4 0.0000 0.0000 0.0000 0.0000 0.0000 0.0000 19.4560 19.3610 19.3010 1.0000 1.0000 1.0000 
0 4 71.3950 71.4230 71.4290 2.5590 228.0000 2.1710 44.7330 44.4150 44.2870 1.0000 1.0000 1.0000 
0 5 6.3370 6.3120 6.2870 0.0000 0.0000 0.0000 26.0000 22.0000 2.0000 1.0000 1.0000 1.0000 
0 5 47.6920 47.7250 47.7260 16.0000 1.0000 7.0000 49.5440 49.4460 49.3860 1.0000 1.0000 1.0000 
0 5 42.5290 42.5130 42.4940 0.0000 0.0000 0.0000 3.0520 3.0280 3.0110 1.0000 1.0000 1.0000 
0 4 0.0000 0.0000 0.0000 262.0000 243.0000 234.0000 49.4620 49.4170 49.3860 1.0000 1.0000 1.0000 
0 4 0.0000 0.0000 0.0000 52.0000 48.0000 46.0000 40.3590 40.3190 40.2870 1.0000 1.0000 1.0000 
0 5 1.0000 1.0000 1.0000 0.0000 0.0000 0.0000 12.0250 11.9440 11.8920 88.2990 88.2710 88.2720 
0 5 19.7470 19.7860 19.7890 0.0000 0.0000 0.0000 41.3820 41.1460 41.0180 1.0000 1.0000 1.0000 
0 3 0.0000 0.0000 0.0000 0.0000 0.0000 0.0000 1.7760 1.7550 1.7410 1.0000 1.0000 1.0000 
0 5 16.6370 16.6130 16.5890 0.0000 0.0000 0.0000 0.0000 0.0000 0.0000 1.0000 1.0000 1.0000 
0 5 0.0000 0.0000 0.0000 1.0000 1.0000 1.0000 5.9450 5.9110 5.8880 1.0000 1.0000 1.0000 
0 3 0.0000 0.0000 0.0000 0.0000 0.0000 0.0000 0.0000 0.0000 0.0000 1.0000 1.0000 1.0000 
0 4 0.0000 0.0000 0.0000 2.2740 2.1040 203.0000 34.2810 34.0730 33.9740 1.0000 1.0000 1.0000 
0 5 0.0000 0.0000 0.0000 0.0000 0.0000 0.0000 19.6580 19.5430 19.4780 1.0000 1.0000 1.0000 
0 5 0.0000 0.0000 0.0000 8.4840 8.4320 8.4050 24.8820 24.7920 24.7420 1.0000 1.0000 1.0000 
0 4 21.3560 21.3370 21.3140 357.0000 352.0000 348.0000 11.6070 11.5580 11.5260 1.0000 1.0000 1.0000 
0 4 0.0000 0.0000 0.0000 487.0000 4.8280 4.7930 39.6440 3.9580 39.5410 1.0000 1.0000 1.0000 
0 4 0.0000 0.0000 0.0000 0.0000 0.0000 0.0000 0.0000 0.0000 0.0000 1.0000 1.0000 1.0000 
0 4 0.0000 0.0000 0.0000 0.0000 0.0000 0.0000 0.0000 0.0000 0.0000 1.0000 1.0000 1.0000 
0 4 0.0000 0.0000 0.0000 0.0000 0.0000 0.0000 22.1530 22.1030 22.0680 1.0000 1.0000 1.0000 
0 3 0.0000 0.0000 0.0000 2.9010 2.8440 2.8190 42.5170 42.4210 42.3750 1.0000 1.0000 1.0000 
0 5 0.0000 0.0000 0.0000 895.0000 813.0000 778.0000 44.9380 4.4690 44.5640 1.0000 1.0000 1.0000 
0 5 0.0000 0.0000 0.0000 0.0000 0.0000 0.0000 1.0610 1.0450 1.0340 1.0000 1.0000 1.0000 
0 4 0.0000 0.0000 0.0000 0.0000 0.0000 0.0000 0.0000 0.0000 0.0000 1.0000 1.0000 1.0000 
0 3 0.0000 0.0000 0.0000 0.0000 0.0000 0.0000 4.1570 4.0570 0.0400 1.0000 1.0000 1.0000 
0 3 0.0000 0.0000 0.0000 0.0000 0.0000 0.0000 3.1220 3.0840 3.0580 1.0000 1.0000 1.0000 
0 5 0.0000 0.0000 0.0000 342.0000 319.0000 306.0000 1.0000 1.0000 1.0000 88.8150 88.8040 8.8790 
0 4 0.0000 0.0000 0.0000 0.0000 0.0000 0.0000 0.0000 0.0000 0.0000 1.0000 1.0000 1.0000 
0 5 11.5580 11.5330 11.5080 0.0000 0.0000 0.0000 0.0000 0.0000 0.0000 1.0000 1.0000 1.0000 
0 4 6.2260 6.2010 6.1760 0.0000 0.0000 0.0000 22.0000 17.0000 15.0000 1.0000 1.0000 1.0000 
0 5 0.0000 0.0000 0.0000 0.0000 0.0000 0.0000 3.3030 3.2860 3.2740 1.0000 1.0000 1.0000 
0 5 0.0000 0.0000 0.0000 0.0000 0.0000 0.0000 83.9170 83.8410 83.8060 1.0000 1.0000 1.0000 
0 5 0.0000 0.0000 0.0000 4.6580 4.6320 4.6090 13.8290 13.7660 13.7240 1.0000 1.0000 1.0000 
0 5 0.0000 0.0000 0.0000 5.8060 5.7660 5.7350 32.1140 31.9990 31.9380 1.0000 1.0000 1.0000 
0 5 0.0000 0.0000 0.0000 2.7150 2.7020 2.6910 25.5870 2.5530 25.4880 1.0000 1.0000 1.0000 
0 5 0.0000 0.0000 0.0000 0.0000 0.0000 0.0000 5.7720 5.7310 5.7060 1.0000 1.0000 1.0000 
0 5 0.0000 0.0000 0.0000 27.2420 27.0810 27.0070 54.0450 53.8240 53.7230 1.0000 1.0000 1.0000 
0 4 0.0000 0.0000 0.0000 0.0000 0.0000 0.0000 0.0000 0.0000 0.0000 1.0000 1.0000 1.0000 
0 5 0.0000 0.0000 0.0000 437.0000 42.0000 41.0000 31.6430 31.4860 31.4060 1.0000 1.0000 1.0000 
0 5 0.0000 0.0000 0.0000 15.7330 15.7180 15.7010 23.5680 23.4880 23.4350 1.0000 1.0000 1.0000 
0 5 51.2930 51.3560 51.3840 0.0000 0.0000 0.0000 2.1010 20.8580 20.7610 1.0000 1.0000 1.0000 
0 5 1.4630 14.6050 14.5810 0.0000 0.0000 0.0000 0.0000 0.0000 0.0000 1.0000 1.0000 1.0000 
0 5 0.0000 0.0000 0.0000 0.0000 0.0000 0.0000 19.9550 19.5950 19.3990 1.0000 1.0000 1.0000 
0 4 4.2580 42.5590 42.5380 78.0000 7.0000 66.0000 7.1740 7.1480 7.1290 1.0000 1.0000 1.0000 
0 5 0.0000 0.0000 0.0000 874.0000 855.0000 846.0000 24.0890 23.9410 23.8580 1.0000 1.0000 1.0000 
0 5 6.7880 6.7630 6.7380 0.0000 0.0000 0.0000 0.0000 0.0000 0.0000 1.0000 1.0000 1.0000 
0 3 39.6220 39.7870 39.8660 0.0000 0.0000 0.0000 29.9820 29.6450 2.9460 1.0000 1.0000 1.0000 
0 5 52.1710 52.1520 52.1340 0.0000 0.0000 0.0000 0.0000 0.0000 0.0000 1.0000 1.0000 1.0000 
0 4 0.0000 0.0000 0.0000 0.0000 0.0000 0.0000 1.0000 1.0000 1.0000 74.9230 74.8230 74.7750 
0 4 0.0000 0.0000 0.0000 0.0000 0.0000 0.0000 0.0000 0.0000 0.0000 1.0000 1.0000 1.0000 
0 5 53.6810 53.7350 53.7540 0.0000 0.0000 0.0000 19.8310 19.7150 19.6510 1.0000 1.0000 1.0000 
0 5 24.4180 24.4030 24.3780 18.3250 18.3020 18.2820 26.0350 25.9420 25.8860 1.0000 1.0000 1.0000 
0 5 51.2850 5.1320 51.3210 8.5360 8.5040 8.4870 0.5300 52.8930 52.8360 1.0000 1.0000 1.0000 
0 5 31.8530 31.8380 31.8180 0.0000 0.0000 0.0000 788.0000 76.0000 744.0000 1.0000 1.0000 1.0000 
0 5 0.0000 0.0000 0.0000 1.6440 1.6110 1.5950 33.0650 32.9840 32.9390 1.0000 1.0000 1.0000 
0 4 0.0000 0.0000 0.0000 26.1040 2.6060 26.0340 1.0000 1.0000 1.0000 867.0000 817.0000 784.0000 
0 4 0.0000 0.0000 0.0000 0.0000 0.0000 0.0000 0.0000 0.0000 0.0000 1.0000 1.0000 1.0000 
0 4 74.0350 74.0390 74.0330 1.0780 1.0670 1.0580 23.4580 23.3930 23.3390 1.0000 1.0000 1.0000 
0 4 5.6320 56.3310 56.3260 0.0000 0.0000 0.0000 30.7210 30.6420 30.5850 1.0000 1.0000 1.0000 
0 4 13.5870 13.5630 13.5380 0.0000 0.0000 0.0000 0.0000 0.0000 0.0000 1.0000 1.0000 1.0000 
0 5 0.0000 0.0000 0.0000 0.0000 0.0000 0.0000 4.0430 3.9360 3.8750 1.0000 1.0000 1.0000 
0 4 0.0000 0.0000 0.0000 0.0000 0.0000 0.0000 828.0000 785.0000 76.0000 1.0000 1.0000 1.0000 
0 4 87.4960 88.3770 88.8270 0.0000 0.0000 0.0000 1.0000 1.0000 1.0000 93.8240 93.7550 93.7170 
0 4 8.6490 8.6480 8.6310 0.0000 0.0000 0.0000 1.0000 1.0000 1.0000 45.4460 45.1950 45.0470 
0 4 0.0000 0.0000 0.0000 0.0000 0.0000 0.0000 2.4710 2.2550 2.1490 1.0000 1.0000 1.0000 
0 3 0.0000 0.0000 0.0000 0.0000 0.0000 0.0000 6.6560 6.5880 6.5420 1.0000 1.0000 1.0000 
0 5 0.0000 0.0000 0.0000 0.0000 0.0000 0.0000 866.0000 831.0000 8.1230 1.0000 1.0000 1.0000 
0 4 0.0000 0.0000 0.0000 14.1570 13.4690 13.2390 4.4680 43.9480 4.3690 1.0000 1.0000 1.0000 
0 5 18.8580 18.8340 18.8090 0.0000 0.0000 0.0000 0.0000 0.0000 0.0000 1.0000 1.0000 1.0000 
0 4 0.0000 0.0000 0.0000 365.0000 309.0000 284.0000 73.2550 73.1390 73.0730 1.0000 1.0000 1.0000 
0 4 0.0000 0.0000 0.0000 33.7090 33.5130 33.4470 68.3740 6.8160 68.0860 1.0000 1.0000 1.0000 
0 4 0.0000 0.0000 0.0000 25.0000 18.0000 16.0000 29.4390 29.3010 29.2210 1.0000 1.0000 1.0000 
0 4 0.0000 0.0000 0.0000 0.0000 0.0000 0.0000 16.7410 16.5810 16.4880 1.0000 1.0000 1.0000 
0 4 37.5910 37.7620 37.8450 0.0000 0.0000 0.0000 1.0000 1.0000 1.0000 45.2290 44.8960 4.4690 
0 4 47.4520 47.4410 47.4250 0.0000 0.0000 0.0000 1.1560 113.0000 1.1150 1.0000 1.0000 1.0000 
0 4 11.4650 11.4410 11.4140 3.2420 3.2080 3.1920 21.2840 21.1870 21.1270 1.0000 1.0000 1.0000 
0 5 0.0000 0.0000 0.0000 772.0000 602.0000 545.0000 69.9510 69.7390 69.6520 1.0000 1.0000 1.0000 
0 5 0.0000 0.0000 0.0000 0.0000 0.0000 0.0000 3.3450 32.9840 32.7220 1.0000 1.0000 1.0000 
0 4 0.0000 0.0000 0.0000 14.2840 14.1860 14.1550 1.0000 1.0000 1.0000 86.3770 86.4690 86.4920 
0 4 0.0000 0.0000 0.0000 1.0000 1.0000 1.0000 26.5560 26.4060 2.6310 1.0000 1.0000 1.0000 
0 4 0.0000 0.0000 0.0000 0.0000 0.0000 0.0000 0.0000 0.0000 0.0000 1.0000 1.0000 1.0000 
0 5 0.0000 0.0000 0.0000 19.0000 13.0000 11.0000 1.0000 1.0000 1.0000 68.3560 67.8780 67.6020 
0 5 0.0000 0.0000 0.0000 6.9960 6.7310 6.6350 1.0000 1.0000 1.0000 1.6530 1.6290 1.6140 
0 4 0.0000 0.0000 0.0000 34.3650 3.3340 32.9470 61.3680 60.2690 59.8240 1.0000 1.0000 1.0000 
0 4 0.0000 0.0000 0.0000 0.0000 0.0000 0.0000 1.0000 1.0000 1.0000 71.0420 70.7860 70.6580 
0 4 59.2490 59.2350 5.9220 0.0000 0.0000 0.0000 12.0000 8.0000 6.0000 1.0000 1.0000 1.0000 
0 4 0.0000 0.0000 0.0000 0.0000 0.0000 0.0000 48.2410 47.9480 47.7870 1.0000 1.0000 1.0000 
0 4 0.0000 0.0000 0.0000 0.0000 0.0000 0.0000 16.0710 1.5340 14.9160 1.0000 1.0000 1.0000 
0 4 0.0000 0.0000 0.0000 5.5790 5.4460 5.3820 7.7690 77.5210 77.4410 1.0000 1.0000 1.0000 
0 5 0.0000 0.0000 0.0000 0.0000 0.0000 0.0000 18.0490 17.7650 17.5920 1.0000 1.0000 1.0000 
0 4 0.0000 0.0000 0.0000 0.0000 0.0000 0.0000 12.9540 12.7630 1.2650 1.0000 1.0000 1.0000 
0 4 0.0000 0.0000 0.0000 0.0000 0.0000 0.0000 6.9310 6.8470 6.7930 1.0000 1.0000 1.0000 
0 5 0.0000 0.0000 0.0000 0.0000 0.0000 0.0000 13.5580 13.2880 13.1390 1.0000 1.0000 1.0000 
0 5 0.0000 0.0000 0.0000 0.0000 0.0000 0.0000 53.1580 52.5620 52.1850 1.0000 1.0000 1.0000 
0 3 27.3650 27.3480 27.3280 0.0000 0.0000 0.0000 4.1340 4.0960 407.0000 1.0000 1.0000 1.0000 
0 4 0.0000 0.0000 0.0000 45.0840 44.9890 44.9570 59.7740 59.5430 5.9440 1.0000 1.0000 1.0000 
0 5 1.5460 152.0000 1.4940 0.0000 0.0000 0.0000 4.5570 451.0000 448.0000 1.0000 1.0000 1.0000 
0 4 0.0000 0.0000 0.0000 0.0000 0.0000 0.0000 1.0000 1.0000 1.0000 68.6890 68.5860 68.5280 
0 5 0.0000 0.0000 0.0000 0.0000 0.0000 0.0000 20.0390 19.8270 19.7050 1.0000 1.0000 1.0000 
0 5 0.0000 0.0000 0.0000 0.0000 0.0000 0.0000 0.0000 0.0000 0.0000 1.0000 1.0000 1.0000 
0 5 0.0000 0.0000 0.0000 0.0000 0.0000 0.0000 70.8080 70.3770 70.1260 1.0000 1.0000 1.0000 
0 5 0.0000 0.0000 0.0000 0.0000 0.0000 0.0000 60.3940 60.3120 60.2580 1.0000 1.0000 1.0000 
0 5 56.0070 55.9640 5.5920 0.0000 0.0000 0.0000 0.0000 0.0000 0.0000 1.0000 1.0000 1.0000 
0 5 0.0000 0.0000 0.0000 0.0000 0.0000 0.0000 1.0000 1.0000 1.0000 65.6850 65.4970 65.3750 
0 5 27.7280 27.7060 27.6830 0.0000 0.0000 0.0000 8.8640 8.8330 8.8090 1.0000 1.0000 1.0000 
0 5 0.0000 0.0000 0.0000 0.0000 0.0000 0.0000 35.2980 35.2170 35.1620 1.0000 1.0000 1.0000 
0 4 0.0000 0.0000 0.0000 0.0000 0.0000 0.0000 778.0000 724.0000 692.0000 1.0000 1.0000 1.0000 
0 4 0.0000 0.0000 0.0000 9.0180 8.2740 8.0410 69.3730 68.4650 6.8130 1.0000 1.0000 1.0000 
0 4 0.0000 0.0000 0.0000 2.0000 2.0000 1.0000 6.8780 6.8570 6.8390 1.0000 1.0000 1.0000 
0 4 0.0000 0.0000 0.0000 0.0000 0.0000 0.0000 4.0000 3.0000 3.0000 1.0000 1.0000 1.0000 
0 4 9.5870 96.5560 96.9440 0.0000 0.0000 0.0000 28.5960 28.0930 27.8110 1.0000 1.0000 1.0000 
0 4 0.0000 0.0000 0.0000 0.0000 0.0000 0.0000 2.1010 1.9770 1.9030 1.0000 1.0000 1.0000 
0 5 16.6060 16.5880 16.5660 0.0000 0.0000 0.0000 18.1170 18.0440 17.9970 1.0000 1.0000 1.0000 
0 3 0.0000 0.0000 0.0000 0.0000 0.0000 0.0000 29.1040 29.0140 28.9540 1.0000 1.0000 1.0000 
0 3 0.0000 0.0000 0.0000 1.3260 1.2070 1.1590 1.0000 1.0000 1.0000 64.9920 65.0120 65.0120 
0 3 39.7490 39.7670 39.7660 0.0000 0.0000 0.0000 20.2770 20.1550 20.0730 1.0000 1.0000 1.0000 
0 3 0.0000 0.0000 0.0000 0.0000 0.0000 0.0000 34.1120 33.8480 33.6760 1.0000 1.0000 1.0000 
0 3 0.0000 0.0000 0.0000 181.0000 177.0000 174.0000 19.5550 19.3120 19.1680 1.0000 1.0000 1.0000 
0 5 0.0000 0.0000 0.0000 456.0000 411.0000 394.0000 33.8290 33.6670 33.5790 1.0000 1.0000 1.0000 
0 5 0.0000 0.0000 0.0000 0.0000 0.0000 0.0000 1.0000 1.0000 1.0000 9.3030 8.9140 8.6770 
0 4 0.0000 0.0000 0.0000 0.0000 0.0000 0.0000 1.8870 1.8430 1.8170 1.0000 1.0000 1.0000 
0 4 0.0000 0.0000 0.0000 0.0000 0.0000 0.0000 7.6880 7.6150 7.5690 1.0000 1.0000 1.0000 
0 5 0.0000 0.0000 0.0000 4.5650 4.5110 4.4840 56.9640 5.6750 56.6130 1.0000 1.0000 1.0000 
0 4 0.0000 0.0000 0.0000 27.1630 27.0310 26.9810 1.0000 1.0000 1.0000 87.4480 87.5920 87.6290 
0 4 0.0000 0.0000 0.0000 0.0000 0.0000 0.0000 0.0000 0.0000 0.0000 1.0000 1.0000 1.0000 
0 4 0.0000 0.0000 0.0000 0.0000 0.0000 0.0000 34.0000 22.0000 17.0000 1.0000 1.0000 1.0000 
0 4 17.3820 1.7360 17.3330 29.0000 25.0000 23.0000 27.2680 27.2170 27.1880 1.0000 1.0000 1.0000 
0 3 4.4720 445.0000 4.4260 0.0000 0.0000 0.0000 1.0120 9.9810 9.8940 1.0000 1.0000 1.0000 
0 3 33.5590 33.5780 33.5740 8.7690 8.7510 8.7380 27.2350 27.0960 27.0190 1.0000 1.0000 1.0000 
0 4 0.0000 0.0000 0.0000 11.0000 7.0000 6.0000 22.3210 22.2250 22.1670 1.0000 1.0000 1.0000 
0 4 0.0000 0.0000 0.0000 18.0000 12.0000 11.0000 24.2440 24.1330 24.0570 1.0000 1.0000 1.0000 
0 4 0.0000 0.0000 0.0000 2.0000 1.0000 1.0000 60.7970 60.7410 60.7040 1.0000 1.0000 1.0000 
0 4 0.0000 0.0000 0.0000 0.0000 0.0000 0.0000 16.7270 16.6210 16.5570 1.0000 1.0000 1.0000 
0 3 13.4640 1.3440 13.4150 0.0000 0.0000 0.0000 14.0000 12.0000 1.0000 1.0000 1.0000 1.0000 
0 3 0.0000 0.0000 0.0000 451.0000 359.0000 326.0000 44.1550 43.9460 43.8430 1.0000 1.0000 1.0000 
0 4 0.0000 0.0000 0.0000 0.0000 0.0000 0.0000 13.7870 13.5340 13.3910 1.0000 1.0000 1.0000 
0 4 0.0000 0.0000 0.0000 0.0000 0.0000 0.0000 7.5360 709.0000 6.8710 1.0000 1.0000 1.0000 
0 4 0.0000 0.0000 0.0000 12.0000 82.0000 69.0000 1.0000 1.0000 1.0000 21.6530 21.6180 21.5920 
0 4 0.0000 0.0000 0.0000 0.0000 0.0000 0.0000 0.0000 0.0000 0.0000 1.0000 1.0000 1.0000 
0 4 0.0000 0.0000 0.0000 0.0000 0.0000 0.0000 1.0000 1.0000 1.0000 97.0460 97.0470 97.0490 
0 4 0.0000 0.0000 0.0000 0.0000 0.0000 0.0000 6.6750 66.6950 66.6550 1.0000 1.0000 1.0000 
0 3 0.0000 0.0000 0.0000 0.0000 0.0000 0.0000 1.8250 1.7880 1.7640 1.0000 1.0000 1.0000 
0 3 0.0000 0.0000 0.0000 0.0000 0.0000 0.0000 49.0000 36.0000 29.0000 1.0000 1.0000 1.0000 
0 4 0.0000 0.0000 0.0000 0.0000 0.0000 0.0000 723.0000 613.0000 561.0000 1.0000 1.0000 1.0000 
0 4 40.3330 40.3920 40.4090 124.0000 118.0000 115.0000 5.5280 55.1680 55.1050 1.0000 1.0000 1.0000 
0 4 0.0000 0.0000 0.0000 0.0000 0.0000 0.0000 2.8230 2.7720 2.7430 1.0000 1.0000 1.0000 
0 4 33.1910 33.4660 33.5870 0.0000 0.0000 0.0000 55.8090 5.5410 55.2150 1.0000 1.0000 1.0000 
0 3 0.0000 0.0000 0.0000 11.9190 11.6860 116.0000 1.0000 1.0000 1.0000 437.0000 4.3180 4.2850 
0 4 0.0000 0.0000 0.0000 0.0000 0.0000 0.0000 89.0000 74.0000 65.0000 1.0000 1.0000 1.0000 
0 4 0.0000 0.0000 0.0000 0.0000 0.0000 0.0000 1.0240 973.0000 942.0000 1.0000 1.0000 1.0000 
0 3 0.0000 0.0000 0.0000 0.0000 0.0000 0.0000 1.0000 1.0000 1.0000 98.4260 98.4340 98.4410 
0 3 0.0000 0.0000 0.0000 42.0000 31.0000 27.0000 1.0000 1.0000 1.0000 93.5680 93.5870 936.0000 
0 3 0.0000 0.0000 0.0000 0.0000 0.0000 0.0000 1.1590 1.1130 1.0860 1.0000 1.0000 1.0000 
0 3 0.0000 0.0000 0.0000 0.0000 0.0000 0.0000 20.6530 20.5150 20.4270 1.0000 1.0000 1.0000 
0 3 0.0000 0.0000 0.0000 0.0000 0.0000 0.0000 8.0740 8.0270 7.9960 1.0000 1.0000 1.0000 
0 4 33.2660 33.5450 33.6740 0.0000 0.0000 0.0000 1.0000 1.0000 1.0000 35.0510 34.4210 34.0850 
0 3 0.0000 0.0000 0.0000 0.0000 0.0000 0.0000 666.0000 607.0000 579.0000 1.0000 1.0000 1.0000 
0 4 0.0000 0.0000 0.0000 0.0000 0.0000 0.0000 1.0000 1.0000 1.0000 90.8180 90.8140 90.8160 
0 3 0.0000 0.0000 0.0000 0.0000 0.0000 0.0000 1.3570 1.3280 1.3110 1.0000 1.0000 1.0000 
0 3 15.4910 15.4710 15.4450 0.0000 0.0000 0.0000 27.6160 27.5340 27.4810 1.0000 1.0000 1.0000 
0 3 787.0000 7.8470 7.8220 0.0000 0.0000 0.0000 3.1780 3.1310 31.0000 1.0000 1.0000 1.0000 
0 3 0.0000 0.0000 0.0000 449.0000 347.0000 312.0000 3.5290 35.1520 35.0890 1.0000 1.0000 1.0000 
0 3 0.0000 0.0000 0.0000 0.0000 0.0000 0.0000 13.9980 1.3940 13.8980 1.0000 1.0000 1.0000 
0 2 0.0000 0.0000 0.0000 34.4280 33.2210 32.8490 94.5690 93.3380 92.9580 1.0000 1.0000 1.0000 
0 2 31.6430 31.6220 31.5990 0.0000 0.0000 0.0000 4.7450 4.7230 4.7080 1.0000 1.0000 1.0000 
0 3 0.0000 0.0000 0.0000 56.0000 4.0000 34.0000 1.0000 1.0000 1.0000 44.3790 43.9670 43.7390 
0 3 0.0000 0.0000 0.0000 0.0000 0.0000 0.0000 1.0000 1.0000 1.0000 7.9290 752.0000 7.2920 
0 3 0.0000 0.0000 0.0000 0.0000 0.0000 0.0000 12.4890 12.0620 11.8340 1.0000 1.0000 1.0000 
0 4 0.0000 0.0000 0.0000 0.0000 0.0000 0.0000 1.0000 1.0000 1.0000 46.4950 46.3540 46.2750 
0 4 0.0000 0.0000 0.0000 0.0000 0.0000 0.0000 0.0000 0.0000 0.0000 1.0000 1.0000 1.0000 
0 4 15.1490 15.1610 15.1530 0.0000 0.0000 0.0000 29.7860 29.5550 29.4170 1.0000 1.0000 1.0000 
0 4 0.0000 0.0000 0.0000 0.0000 0.0000 0.0000 1.1460 11.4020 11.3630 1.0000 1.0000 1.0000 
0 3 0.0000 0.0000 0.0000 0.0000 0.0000 0.0000 27.1290 26.9550 26.8570 1.0000 1.0000 1.0000 
0 5 55.0040 54.9860 54.9690 0.0000 0.0000 0.0000 0.0000 0.0000 0.0000 1.0000 1.0000 1.0000 
0 5 54.9510 0.5500 55.0160 0.0000 0.0000 0.0000 99.6970 99.7190 99.7420 1.0000 1.0000 1.0000 
0 5 0.0000 0.0000 0.0000 0.0000 0.0000 0.0000 1.0000 1.0000 1.0000 73.6790 73.6090 73.5710 
0 4 43.4310 43.4110 43.3910 0.0000 0.0000 0.0000 0.0000 0.0000 0.0000 1.0000 1.0000 1.0000 
0 4 8.3620 8.3350 8.3050 0.0000 0.0000 0.0000 337.0000 33.6440 3.3610 1.0000 1.0000 1.0000 
0 3 54.0480 5.4030 54.0120 0.0000 0.0000 0.0000 0.0000 0.0000 0.0000 1.0000 1.0000 1.0000 
0 3 22.9540 2.2930 22.9060 0.0000 0.0000 0.0000 0.0000 0.0000 0.0000 1.0000 1.0000 1.0000 
0 3 0.0000 0.0000 0.0000 0.0000 0.0000 0.0000 2.0000 2.0000 1.0000 1.0000 1.0000 1.0000 
0 2 577.0000 5.7450 572.0000 0.0000 0.0000 0.0000 0.0000 0.0000 0.0000 1.0000 1.0000 1.0000 
0 2 0.0000 0.0000 0.0000 0.0000 0.0000 0.0000 2.7720 2.7390 2.7180 1.0000 1.0000 1.0000 
0 4 26.3290 26.3250 26.3090 0.0000 0.0000 0.0000 23.4630 23.3550 2.3280 1.0000 1.0000 1.0000 
0 3 0.0000 0.0000 0.0000 4.0000 3.0000 2.0000 7.3080 73.0510 7.3030 1.0000 1.0000 1.0000 
0 3 7.2330 7.2110 7.1830 0.0000 0.0000 0.0000 31.6720 31.5530 31.4820 1.0000 1.0000 1.0000 
0 3 18.7750 18.9680 19.0580 0.0000 0.0000 0.0000 45.6380 44.9720 44.6030 1.0000 1.0000 1.0000 
0 3 0.0000 0.0000 0.0000 0.0000 0.0000 0.0000 1.0000 1.0000 1.0000 7.6560 7.4270 7.3050 
0 4 0.0000 0.0000 0.0000 0.0000 0.0000 0.0000 381.0000 3.7820 3.7610 1.0000 1.0000 1.0000 
0 3 0.0000 0.0000 0.0000 0.0000 0.0000 0.0000 0.0000 0.0000 0.0000 1.0000 1.0000 1.0000 
0 3 0.0000 0.0000 0.0000 0.0000 0.0000 0.0000 23.3140 23.1860 23.1090 1.0000 1.0000 1.0000 
0 4 38.8060 38.7950 38.7770 0.0000 0.0000 0.0000 368.0000 3.6410 3.6160 1.0000 1.0000 1.0000 
0 3 0.0000 0.0000 0.0000 0.0000 0.0000 0.0000 49.1350 49.0960 49.0660 1.0000 1.0000 1.0000 
0 3 0.0000 0.0000 0.0000 0.0000 0.0000 0.0000 7.4320 7.1630 7.0090 1.0000 1.0000 1.0000 
0 3 0.0000 0.0000 0.0000 0.0000 0.0000 0.0000 1.0000 1.0000 1.0000 16.9330 16.7010 16.5580 
0 3 52.8710 53.0210 53.0940 0.0000 0.0000 0.0000 35.9560 35.7220 35.5790 1.0000 1.0000 1.0000 
0 3 0.0000 0.0000 0.0000 0.0000 0.0000 0.0000 1.0000 1.0000 1.0000 59.7440 59.6780 59.6390 
0 3 0.0000 0.0000 0.0000 0.0000 0.0000 0.0000 19.0000 14.0000 12.0000 1.0000 1.0000 1.0000 
0 3 26.7260 26.7440 26.7390 0.0000 0.0000 0.0000 31.9480 31.8080 31.7280 1.0000 1.0000 1.0000 
0 3 8.6590 8.6420 8.6210 0.0000 0.0000 0.0000 634.0000 543.0000 496.0000 1.0000 1.0000 1.0000 
0 3 33.5870 33.6140 33.6190 0.0000 0.0000 0.0000 1.1010 954.0000 874.0000 1.0000 1.0000 1.0000 
0 4 0.0000 0.0000 0.0000 0.0000 0.0000 0.0000 1.1240 1.1070 1.0950 1.0000 1.0000 1.0000 
0 4 0.0000 0.0000 0.0000 0.0000 0.0000 0.0000 1.0000 1.0000 1.0000 99.5710 9.9580 99.5910 
0 4 3.4270 3.4380 3.4430 0.0000 0.0000 0.0000 1.0000 1.0000 1.0000 57.0750 56.8480 56.6960 
0 3 0.0000 0.0000 0.0000 0.0000 0.0000 0.0000 91.3110 91.2990 91.2890 1.0000 1.0000 1.0000 
0 4 0.0000 0.0000 0.0000 0.0000 0.0000 0.0000 33.9650 33.4270 33.1060 1.0000 1.0000 1.0000 
0 4 0.0000 0.0000 0.0000 4.1330 4.0790 4.0560 48.7930 48.6790 48.6280 1.0000 1.0000 1.0000 
0 4 0.0000 0.0000 0.0000 0.0000 0.0000 0.0000 157.0000 155.0000 1.5360 1.0000 1.0000 1.0000 
0 3 0.0000 0.0000 0.0000 34.0000 262.0000 235.0000 7.3230 72.9850 72.8480 1.0000 1.0000 1.0000 
0 4 0.0000 0.0000 0.0000 0.0000 0.0000 0.0000 1.0000 1.0000 1.0000 4.2130 41.8820 41.7410 
0 4 0.0000 0.0000 0.0000 0.0000 0.0000 0.0000 24.1340 24.0820 24.0410 1.0000 1.0000 1.0000 
0 4 17.1860 17.1620 17.1370 0.0000 0.0000 0.0000 1.0000 1.0000 1.0000 1.0000 1.0000 1.0000 
0 4 0.0000 0.0000 0.0000 0.0000 0.0000 0.0000 4.5410 45.1840 45.0550 1.0000 1.0000 1.0000 
0 4 0.0000 0.0000 0.0000 0.0000 0.0000 0.0000 1.0000 1.0000 1.0000 36.2940 36.0490 35.9180 
0 4 0.0000 0.0000 0.0000 0.0000 0.0000 0.0000 1.0000 1.0000 1.0000 39.2950 3.8850 3.8590 
0 3 0.0000 0.0000 0.0000 0.0000 0.0000 0.0000 29.8930 29.8110 29.7560 1.0000 1.0000 1.0000 
0 4 0.0000 0.0000 0.0000 0.0000 0.0000 0.0000 36.1980 36.0740 35.9880 1.0000 1.0000 1.0000 
0 3 74.6260 74.6560 74.6650 0.0000 0.0000 0.0000 1.0000 1.0000 1.0000 47.5440 47.4740 47.4190 
0 5 38.5120 38.5180 3.8510 0.0000 0.0000 0.0000 13.7070 13.6320 13.5870 1.0000 1.0000 1.0000 
0 4 0.0000 0.0000 0.0000 111.0000 102.0000 99.0000 28.7260 28.6220 28.5630 1.0000 1.0000 1.0000 
0 4 0.0000 0.0000 0.0000 1.3490 1.3020 128.0000 46.7610 46.6640 46.6120 1.0000 1.0000 1.0000 
0 4 0.0000 0.0000 0.0000 0.0000 0.0000 0.0000 96.5290 96.5130 96.4980 1.0000 1.0000 1.0000 
0 3 0.0000 0.0000 0.0000 0.0000 0.0000 0.0000 4.0000 3.0000 3.0000 1.0000 1.0000 1.0000 
0 3 11.8260 11.8020 11.7710 0.0000 0.0000 0.0000 1.0000 1.0000 1.0000 75.6370 75.5890 75.5560 
0 4 11.4110 11.3670 11.3220 0.0000 0.0000 0.0000 97.3640 97.3560 97.3470 1.0000 1.0000 1.0000 
0 4 9.8370 9.8150 9.7820 0.0000 0.0000 0.0000 6.8220 68.1510 68.1150 1.0000 1.0000 1.0000 
0 3 0.0000 0.0000 0.0000 4.1460 3.8170 3.7210 1.0000 1.0000 1.0000 90.1910 9.0490 90.5750 
0 3 1.0620 1.0370 1.0120 0.0000 0.0000 0.0000 5.0000 4.0000 4.0000 1.0000 1.0000 1.0000 
0 4 6.9470 692.0000 6.8920 8.0000 6.0000 6.0000 17.6390 17.5890 17.5560 1.0000 1.0000 1.0000 
0 3 3.8190 3.7860 3.7520 0.0000 0.0000 0.0000 39.5360 3.9480 39.4360 1.0000 1.0000 1.0000 
0 4 30.5980 30.6310 30.6370 0.0000 0.0000 0.0000 60.0460 59.9690 59.9270 1.0000 1.0000 1.0000 
0 3 5.6690 5.6890 5.6850 0.0000 0.0000 0.0000 1.8950 18.1840 17.7580 1.0000 1.0000 1.0000 
0 3 0.0000 0.0000 0.0000 0.0000 0.0000 0.0000 49.4910 4.9150 48.9450 1.0000 1.0000 1.0000 
0 3 0.0000 0.0000 0.0000 0.0000 0.0000 0.0000 85.3080 85.1170 85.0090 1.0000 1.0000 1.0000 
0 3 838.0000 808.0000 777.0000 0.0000 0.0000 0.0000 1.0000 1.0000 1.0000 25.3320 25.0880 24.9290 
0 3 46.0420 46.1110 46.1370 0.0000 0.0000 0.0000 12.0930 11.9020 1.1790 1.0000 1.0000 1.0000 
0 4 0.0000 0.0000 0.0000 0.0000 0.0000 0.0000 1.0000 1.0000 1.0000 4.8430 48.2490 48.1340 
0 4 0.0000 0.0000 0.0000 0.0000 0.0000 0.0000 5.5520 5.4970 5.4590 1.0000 1.0000 1.0000 
0 4 10.4070 10.2230 10.0830 9.1910 8.9860 8.8250 11.8060 11.7490 11.7030 1.0000 1.0000 1.0000 
0 4 32.7940 32.7740 32.7550 0.0000 0.0000 0.0000 0.0000 0.0000 0.0000 1.0000 1.0000 1.0000 
0 4 1.0000 1.0000 0.0000 907.0000 898.0000 891.0000 38.5040 38.3810 38.2970 1.0000 1.0000 1.0000 
0 5 264.0000 257.0000 2.5180 9.4910 9.3920 9.3150 44.5030 44.3930 44.3080 1.0000 1.0000 1.0000 
0 4 0.0000 0.0000 0.0000 0.0000 0.0000 0.0000 2.7770 2.6710 2.5930 1.0000 1.0000 1.0000 
0 4 1.3270 1.2980 1.2760 2.9820 2.9420 2.9120 12.0710 12.0160 11.9720 1.0000 1.0000 1.0000 
0 4 0.0000 0.0000 0.0000 0.0000 0.0000 0.0000 1.0000 1.0000 1.0000 1.0000 1.0000 1.0000 
0 4 0.0000 0.0000 0.0000 38.0000 35.0000 34.0000 8.2170 8.1680 8.1340 1.0000 1.0000 1.0000 
0 4 0.0000 0.0000 0.0000 0.0000 0.0000 0.0000 281.0000 2.7690 2.7390 1.0000 1.0000 1.0000 
0 4 0.0000 0.0000 0.0000 0.0000 0.0000 0.0000 71.0000 58.0000 5.0000 1.0000 1.0000 1.0000 
0 5 2.0000 1.0000 1.0000 261.0000 258.0000 255.0000 2.8610 2.8470 2.8360 1.0000 1.0000 1.0000 
0 4 815.0000 775.0000 746.0000 5.8050 5.7450 5.6990 19.4840 19.4160 19.3660 1.0000 1.0000 1.0000 
0 4 0.0000 0.0000 0.0000 0.0000 0.0000 0.0000 7.4880 74.7460 74.6590 1.0000 1.0000 1.0000 
0 4 16.3480 16.2390 16.1530 22.1290 22.0020 21.9060 30.5590 30.4260 30.3230 1.0000 1.0000 1.0000 
0 4 58.0000 5.0000 45.0000 15.9230 15.8210 1.5740 2.9630 29.5050 29.4110 1.0000 1.0000 1.0000 
0 4 0.0000 0.0000 0.0000 0.0000 0.0000 0.0000 332.0000 314.0000 301.0000 1.0000 1.0000 1.0000 
0 4 1.0000 1.0000 1.0000 527.0000 511.0000 494.0000 55.3890 55.1610 54.9880 86.9320 86.7140 8.6550 
0 5 0.0000 0.0000 0.0000 0.0000 0.0000 0.0000 2.8340 2.6720 2.5580 1.0000 1.0000 1.0000 
0 4 121.0000 117.0000 112.0000 1.7020 1.6840 1.6680 17.1870 171.0000 17.0350 1.0000 1.0000 1.0000 
0 4 0.0000 0.0000 0.0000 16.0000 153.0000 148.0000 19.3180 19.2440 19.1890 1.0000 1.0000 1.0000 
0 4 0.0000 0.0000 0.0000 576.0000 554.0000 535.0000 63.1280 63.0660 63.0180 1.0000 1.0000 1.0000 
0 4 8.8750 8.7270 8.6070 14.3730 1.4210 14.0720 60.6660 60.4190 60.2360 1.0000 1.0000 1.0000 
0 4 81.2370 8.1520 81.7370 0.0000 0.0000 0.0000 19.7220 19.4320 19.2060 1.0000 1.0000 1.0000 
0 5 40.9730 41.1140 41.2190 945.0000 937.0000 93.0000 1.0000 1.0000 1.0000 75.8380 75.7180 75.6180 
0 4 0.0000 0.0000 0.0000 0.0000 0.0000 0.0000 1.0000 1.0000 1.0000 34.3820 34.3160 34.2630 
0 5 0.0000 0.0000 0.0000 0.0000 0.0000 0.0000 0.0000 0.0000 0.0000 1.0000 1.0000 1.0000 
0 4 0.0000 0.0000 0.0000 0.0000 0.0000 0.0000 8.4020 8.3670 8.3380 1.0000 1.0000 1.0000 
0 5 34.0870 34.0820 34.0720 0.0000 0.0000 0.0000 2.6430 2.5890 255.0000 1.0000 1.0000 1.0000 
0 4 0.0000 0.0000 0.0000 0.0000 0.0000 0.0000 0.0000 0.0000 0.0000 1.0000 1.0000 1.0000 
0 4 0.0000 0.0000 0.0000 0.0000 0.0000 0.0000 286.0000 267.0000 254.0000 1.0000 1.0000 1.0000 
0 4 184.0000 174.0000 165.0000 4.6920 465.0000 4.6110 33.0930 33.0280 32.9740 1.0000 1.0000 1.0000 
0 4 0.0000 0.0000 0.0000 0.0000 0.0000 0.0000 52.2560 51.5110 50.9690 1.0000 1.0000 1.0000 
0 5 1.2660 1.2120 1.1690 6.9820 6.9160 6.8640 14.1540 14.0460 13.9610 1.0000 1.0000 1.0000 
0 4 69.0000 65.0000 61.0000 3.6990 3.6870 3.6730 1.0000 1.0000 1.0000 47.5320 47.3980 47.3030 
0 5 42.1950 42.1790 42.1620 603.0000 595.0000 587.0000 4.4670 4.4470 443.0000 1.0000 1.0000 1.0000 
0 4 34.9030 34.5850 34.3490 15.3260 14.9370 14.6420 33.6650 33.5520 33.4580 1.0000 1.0000 1.0000 
0 4 0.0000 0.0000 0.0000 0.0000 0.0000 0.0000 1.9230 189.0000 1.8650 1.0000 1.0000 1.0000 
0 4 0.0000 0.0000 0.0000 0.0000 0.0000 0.0000 971.0000 897.0000 848.0000 1.0000 1.0000 1.0000 
0 4 32.0000 3.0000 27.0000 2.7540 2.7290 2.7080 26.5960 26.5390 26.4950 1.0000 1.0000 1.0000 
0 4 0.0000 0.0000 0.0000 0.0000 0.0000 0.0000 21.0630 20.7010 20.4250 1.0000 1.0000 1.0000 
0 4 2.4670 2.4050 2.3540 124.0000 12.3240 12.2610 1.0000 1.0000 1.0000 35.2940 35.1230 34.9930 
0 4 14.5390 14.5930 14.6180 0.0000 0.0000 0.0000 1.0000 1.0000 1.0000 76.2710 76.0670 75.9120 
0 4 0.0000 0.0000 0.0000 23.4470 2.2920 2.2510 40.9710 40.3980 39.9530 1.0000 1.0000 1.0000 
0 4 6.4720 6.4450 6.4170 12.6090 12.3990 1.2230 25.8260 25.5630 25.3540 1.0000 1.0000 1.0000 
0 4 6.5490 6.2220 5.9610 23.9670 23.6020 23.3110 2.2370 22.2430 22.1560 1.0000 1.0000 1.0000 
0 5 45.0000 39.0000 35.0000 10.9230 10.8130 10.7290 60.3630 60.1810 60.0460 1.0000 1.0000 1.0000 
0 4 764.0000 724.0000 696.0000 2.3660 2.3220 2.2890 1.0000 1.0000 1.0000 68.7390 68.6320 68.5560 
0 4 3.0430 30.4820 30.5120 0.0000 0.0000 0.0000 653.0000 6.3130 6.1580 1.0000 1.0000 1.0000 
0 4 0.0000 0.0000 0.0000 0.0000 0.0000 0.0000 0.0000 0.0000 0.0000 1.0000 1.0000 1.0000 
0 4 0.0000 0.0000 0.0000 0.0000 0.0000 0.0000 1.9220 1.8690 1.8330 1.0000 1.0000 1.0000 
0 5 0.0000 0.0000 0.0000 0.0000 0.0000 0.0000 1.2670 122.0000 1.1910 1.0000 1.0000 1.0000 
0 4 0.0000 0.0000 0.0000 0.0000 0.0000 0.0000 28.0000 22.0000 18.0000 1.0000 1.0000 1.0000 
0 4 0.0000 0.0000 0.0000 0.0000 0.0000 0.0000 24.0000 22.0000 21.0000 1.0000 1.0000 1.0000 
0 5 0.0000 0.0000 0.0000 0.0000 0.0000 0.0000 25.2560 25.1840 2.5130 1.0000 1.0000 1.0000 
0 5 0.0000 0.0000 0.0000 464.0000 459.0000 454.0000 94.4380 94.3420 94.2570 1.0000 1.0000 1.0000 
0 4 0.0000 0.0000 0.0000 1.4890 144.0000 14.0000 65.2530 6.5150 65.0770 1.0000 1.0000 1.0000 
0 5 0.0000 0.0000 0.0000 119.0000 11.0000 102.0000 50.9190 50.8470 50.7890 1.0000 1.0000 1.0000 
0 5 0.0000 0.0000 0.0000 1.7020 1.6520 1.6110 42.0210 41.8770 41.7690 1.0000 1.0000 1.0000 
0 5 3.9060 3.8210 3.7590 3.1450 3.0540 2.9860 11.8130 11.7410 11.6820 1.0000 1.0000 1.0000 
0 5 7.3240 7.1380 7.0020 23.1130 22.8580 22.6720 55.0170 54.8580 54.7460 1.0000 1.0000 1.0000 
0 4 0.0000 0.0000 0.0000 0.0000 0.0000 0.0000 44.6480 4.4160 43.8090 1.0000 1.0000 1.0000 
0 4 1.3880 1.3290 128.0000 8.6720 8.5840 8.5120 36.5180 36.4020 36.3180 1.0000 1.0000 1.0000 
0 5 0.0000 0.0000 0.0000 0.0000 0.0000 0.0000 2.0820 2.0620 2.0480 1.0000 1.0000 1.0000 
0 5 0.0000 0.0000 0.0000 0.0000 0.0000 0.0000 0.0000 0.0000 0.0000 1.0000 1.0000 1.0000 
0 5 0.0000 0.0000 0.0000 0.0000 0.0000 0.0000 1.0000 1.0000 1.0000 15.7940 15.6710 1.5570 
0 4 0.0000 0.0000 0.0000 4.4380 4.3920 4.3570 33.1430 33.0340 32.9520 1.0000 1.0000 1.0000 
0 4 0.0000 0.0000 0.0000 1.0710 947.0000 851.0000 58.9390 58.7530 58.6050 1.0000 1.0000 1.0000 
0 4 25.6360 25.0020 245.0000 62.2440 61.5170 60.9510 1.0000 1.0000 1.0000 83.8970 84.0120 84.0920 
0 4 932.0000 87.0000 822.0000 21.5790 21.4020 2.1260 71.3620 71.1830 71.0490 1.0000 1.0000 1.0000 
0 4 0.0000 0.0000 0.0000 459.0000 445.0000 436.0000 46.3860 46.3010 46.2420 1.0000 1.0000 1.0000 
0 4 658.0000 636.0000 614.0000 0.0000 0.0000 0.0000 0.0000 0.0000 0.0000 1.0000 1.0000 1.0000 
0 3 1.3960 1.3550 132.0000 5.5550 5.4870 5.4350 32.5510 32.4010 32.2880 1.0000 1.0000 1.0000 
0 4 0.0000 0.0000 0.0000 0.0000 0.0000 0.0000 543.0000 524.0000 511.0000 1.0000 1.0000 1.0000 
0 4 0.0000 0.0000 0.0000 0.0000 0.0000 0.0000 7.9020 7.3310 6.9240 1.0000 1.0000 1.0000 
0 4 2.4230 23.8080 23.4890 23.9340 23.4810 23.1410 41.7870 41.6660 41.5650 1.0000 1.0000 1.0000 
0 4 32.0000 28.0000 25.0000 3.9740 394.0000 3.9120 1.0000 1.0000 1.0000 1.3530 13.3530 13.2260 
0 4 0.0000 0.0000 0.0000 0.0000 0.0000 0.0000 1.0000 1.0000 1.0000 10.7850 10.4970 10.2980 
0 4 0.0000 0.0000 0.0000 2.4450 2.4110 2.3830 48.7380 48.6240 48.5420 1.0000 1.0000 1.0000 
0 4 59.0000 52.0000 47.0000 4.7940 4.7560 4.7250 48.2870 48.1660 48.0790 1.0000 1.0000 1.0000 
0 4 118.0000 104.0000 95.0000 647.0000 6.4190 638.0000 68.4940 68.3590 6.8260 1.0000 1.0000 1.0000 
0 4 0.0000 0.0000 0.0000 0.0000 0.0000 0.0000 46.8940 467.0000 46.5490 1.0000 1.0000 1.0000 
0 4 144.0000 137.0000 132.0000 1.6160 1.6020 159.0000 8.6990 8.6380 8.5920 1.0000 1.0000 1.0000 
0 4 0.0000 0.0000 0.0000 0.0000 0.0000 0.0000 1.0000 1.0000 1.0000 5.5940 5.5650 5.5450 
0 4 54.0000 47.0000 43.0000 4.9620 4.9260 4.8920 32.3780 32.2860 32.2120 1.0000 1.0000 1.0000 
0 4 4.6090 4.6090 46.0840 6.6820 6.6190 6.5640 44.7230 44.6360 44.5650 1.0000 1.0000 1.0000 
0 4 18.7790 18.7580 18.7370 0.0000 0.0000 0.0000 1.0000 0.0000 0.0000 1.0000 1.0000 1.0000 
0 4 4.6770 441.0000 4.2020 40.9750 40.6660 40.4180 99.3310 99.2410 99.1710 1.0000 1.0000 1.0000 
0 4 7.0480 696.0000 6.8940 7.3490 7.2420 7.1610 40.2890 40.0130 39.8140 1.0000 1.0000 1.0000 
0 4 667.0000 652.0000 643.0000 3.8120 3.7750 3.7440 30.5410 30.3740 30.2510 1.0000 1.0000 1.0000 
0 4 0.0000 0.0000 0.0000 0.0000 0.0000 0.0000 3.3570 3.3410 3.3280 1.0000 1.0000 1.0000 
0 4 0.0000 0.0000 0.0000 0.0000 0.0000 0.0000 0.0000 0.0000 0.0000 1.0000 1.0000 1.0000 
0 4 11.1720 11.1710 11.1620 0.0000 0.0000 0.0000 1.0000 1.0000 1.0000 44.5730 44.4010 44.2660 
0 4 0.0000 0.0000 0.0000 0.0000 0.0000 0.0000 15.0410 14.8110 14.6460 1.0000 1.0000 1.0000 
0 4 776.0000 735.0000 693.0000 0.0000 0.0000 0.0000 1.0000 1.0000 1.0000 95.7920 95.7420 95.6940 
0 4 0.0000 0.0000 0.0000 0.0000 0.0000 0.0000 46.7090 46.2470 45.9270 1.0000 1.0000 1.0000 
0 4 42.9870 43.0350 43.0660 53.0000 49.0000 46.0000 1.0000 1.0000 1.0000 1.2310 12.1430 12.0090 
0 4 0.0000 0.0000 0.0000 0.0000 0.0000 0.0000 72.0000 632.0000 572.0000 1.0000 1.0000 1.0000 
0 4 5.3780 5.1760 5.0110 1.7390 17.1310 1.6920 34.3010 34.2020 34.1270 1.0000 1.0000 1.0000 
0 4 567.0000 533.0000 505.0000 11.9210 11.8210 11.7360 65.6080 65.4960 6.5410 1.0000 1.0000 1.0000 
0 4 0.0000 0.0000 0.0000 0.0000 0.0000 0.0000 2.7910 2.7560 2.7320 1.0000 1.0000 1.0000 
0 4 0.0000 0.0000 0.0000 0.0000 0.0000 0.0000 20.4620 20.2440 201.0000 1.0000 1.0000 1.0000 
0 5 0.0000 0.0000 0.0000 0.0000 0.0000 0.0000 3.5030 34.7310 34.5080 1.0000 1.0000 1.0000 
0 5 0.0000 0.0000 0.0000 0.0000 0.0000 0.0000 0.0000 0.0000 0.0000 1.0000 1.0000 1.0000 
0 4 15.8090 15.2730 14.8480 37.1810 36.6180 36.1730 6.8890 68.6930 68.5580 1.0000 1.0000 1.0000 
0 4 0.0000 0.0000 0.0000 0.0000 0.0000 0.0000 8.5060 8.3520 8.2480 1.0000 1.0000 1.0000 
0 5 0.0000 0.0000 0.0000 0.0000 0.0000 0.0000 36.1660 36.0540 35.9680 1.0000 1.0000 1.0000 
0 4 8.7990 8.7620 8.7220 8.2110 8.1720 8.1390 1.0000 1.0000 1.0000 6.3790 63.6250 63.4910 
0 4 0.0000 0.0000 0.0000 0.0000 0.0000 0.0000 7.0610 6.9540 6.8770 1.0000 1.0000 1.0000 
0 4 17.8040 17.7830 17.7620 0.0000 0.0000 0.0000 0.0000 0.0000 0.0000 1.0000 1.0000 1.0000 
0 4 0.0000 0.0000 0.0000 284.0000 278.0000 273.0000 15.7620 15.6140 15.5020 1.0000 1.0000 1.0000 
0 2 211.0000 2.0690 2.0330 6.6840 6.6160 6.5550 29.6970 2.9480 29.3220 1.0000 1.0000 1.0000 
0 4 4.0690 4.0120 396.0000 21.8890 21.8620 21.8330 1.0000 1.0000 1.0000 74.2960 74.2350 74.1880 
0 3 5.0110 4.8130 4.6720 16.3810 16.1530 15.9850 31.7050 31.5680 31.4680 1.0000 1.0000 1.0000 
0 4 0.0000 0.0000 0.0000 0.0000 0.0000 0.0000 0.0000 0.0000 0.0000 1.0000 1.0000 1.0000 
0 4 0.0000 0.0000 0.0000 0.0000 0.0000 0.0000 0.0000 0.0000 0.0000 1.0000 1.0000 1.0000 
0 3 21.0720 20.7770 20.5530 33.8240 33.4530 33.1560 94.2640 94.0920 93.9510 1.0000 1.0000 1.0000 
0 2 222.0000 2.1110 2.0350 5.2720 5.1330 5.0350 36.7770 36.6750 36.5990 1.0000 1.0000 1.0000 
0 3 12.1330 11.9370 11.7880 13.0470 12.7960 12.6020 24.7310 24.6170 24.5250 1.0000 1.0000 1.0000 
0 4 29.2910 29.2860 29.2770 0.0000 0.0000 0.0000 3.5580 3.5030 3.4610 1.0000 1.0000 1.0000 
0 4 19.0000 17.0000 16.0000 976.0000 962.0000 951.0000 7.2470 7.2170 7.1920 1.0000 1.0000 1.0000 
0 4 1.3490 1.2940 1.2540 7.6070 7.5270 7.4690 1.2670 12.5790 12.5090 1.0000 1.0000 1.0000 
0 3 0.0000 0.0000 0.0000 0.0000 0.0000 0.0000 85.0000 65.0000 53.0000 1.0000 1.0000 1.0000 
0 3 0.0000 0.0000 0.0000 0.0000 0.0000 0.0000 0.0000 0.0000 0.0000 1.0000 1.0000 1.0000 
0 4 0.0000 0.0000 0.0000 0.0000 0.0000 0.0000 1.0000 1.0000 1.0000 1.3580 1.2950 1.2520 
0 4 0.0000 0.0000 0.0000 0.0000 0.0000 0.0000 6.1580 6.1080 6.0720 1.0000 1.0000 1.0000 
0 4 0.0000 0.0000 0.0000 0.0000 0.0000 0.0000 5.2120 51.8250 51.5990 1.0000 1.0000 1.0000 
0 4 0.0000 0.0000 0.0000 472.0000 461.0000 451.0000 925.0000 9.2190 9.1930 1.0000 1.0000 1.0000 
0 4 1.3640 1.3410 1.3170 0.0000 0.0000 0.0000 1.0000 1.0000 1.0000 13.9340 13.8180 13.7290 
0 4 27.0590 26.9650 26.8710 14.2850 1.4120 13.9860 82.2280 82.0990 82.0070 1.0000 1.0000 1.0000 
0 4 65.5160 65.4010 65.3190 13.8680 13.6920 13.5710 32.6150 32.5160 32.4410 1.0000 1.0000 1.0000 
0 4 0.0000 0.0000 0.0000 0.0000 0.0000 0.0000 10.5650 10.3860 10.2590 1.0000 1.0000 1.0000 
0 4 3.8410 3.6910 3.5710 17.9780 17.8210 17.6930 44.0970 43.9110 43.7640 1.0000 1.0000 1.0000 
0 3 687.0000 6.3420 5.9380 1.0000 1.0000 99.7930 67.6110 67.6260 67.4920 99.6320 9.9960 1.0000 
0 4 35.1140 35.0990 35.0820 0.0000 0.0000 0.0000 297.0000 282.0000 272.0000 1.0000 1.0000 1.0000 
0 4 4.3770 4.3560 4.3350 0.0000 0.0000 0.0000 8.0180 7.9370 7.8760 1.0000 1.0000 1.0000 
0 4 617.0000 5.9740 5.8220 17.5760 17.3680 17.2030 1.0000 1.0000 1.0000 5.0390 4.8440 4.7010 
0 4 0.0000 0.0000 0.0000 0.0000 0.0000 0.0000 1.0000 1.0000 1.0000 9.9710 9.5830 9.3010 
0 3 48.6060 48.5980 48.5860 0.0000 0.0000 0.0000 4.7480 4.7180 4.6940 1.0000 1.0000 1.0000 
0 4 0.0000 0.0000 0.0000 277.0000 273.0000 27.0000 2.5910 258.0000 2.5710 1.0000 1.0000 1.0000 
0 4 0.0000 0.0000 0.0000 0.0000 0.0000 0.0000 0.0000 0.0000 0.0000 1.0000 1.0000 1.0000 
0 4 0.0000 0.0000 0.0000 158.0000 153.0000 148.0000 1.0000 1.0000 1.0000 51.8280 51.6470 51.5220 
0 4 0.0000 0.0000 0.0000 0.0000 0.0000 0.0000 1.0000 1.0000 1.0000 38.2290 37.5060 36.9980 
0 4 0.0000 0.0000 0.0000 0.0000 0.0000 0.0000 1.0000 1.0000 1.0000 231.0000 213.0000 2.0000 
0 4 0.0000 0.0000 0.0000 0.0000 0.0000 0.0000 77.5730 77.4240 77.3080 1.0000 1.0000 1.0000 
0 4 0.0000 0.0000 0.0000 0.0000 0.0000 0.0000 738.0000 691.0000 66.0000 1.0000 1.0000 1.0000 
0 4 1.7360 1.6450 1.5760 12.2160 12.0880 11.9870 33.6710 33.5720 33.4990 1.0000 1.0000 1.0000 
0 4 6.5360 6.2750 6.0790 31.6050 31.3170 31.0960 52.2970 52.1070 51.9660 1.0000 1.0000 1.0000 
0 4 0.0000 0.0000 0.0000 0.0000 0.0000 0.0000 1.0120 92.0000 859.0000 1.0000 1.0000 1.0000 
0 2 0.0000 0.0000 0.0000 0.0000 0.0000 0.0000 6.7220 6.6320 6.5660 1.0000 1.0000 1.0000 
0 4 4.4520 4.4210 439.0000 974.0000 959.0000 947.0000 24.3820 24.2280 24.1160 1.0000 1.0000 1.0000 
0 4 7.2090 6.7340 6.3780 37.7370 37.3090 36.9850 54.2830 54.1370 54.0280 1.0000 1.0000 1.0000 
0 4 0.0000 0.0000 0.0000 0.0000 0.0000 0.0000 0.0000 0.0000 0.0000 1.0000 1.0000 1.0000 
0 4 0.0000 0.0000 0.0000 0.0000 0.0000 0.0000 3.3940 3.3340 3.2920 1.0000 1.0000 1.0000 
0 4 52.7610 52.7450 5.2730 0.0000 0.0000 0.0000 0.0000 0.0000 0.0000 1.0000 1.0000 1.0000 
0 4 0.0000 0.0000 0.0000 0.0000 0.0000 0.0000 1.0950 947.0000 855.0000 1.0000 1.0000 1.0000 
0 4 0.0000 0.0000 0.0000 0.0000 0.0000 0.0000 77.0000 73.0000 7.0000 1.0000 1.0000 1.0000 
0 5 8.2660 8.1340 8.0370 10.2320 10.0620 9.9360 25.0260 24.9480 24.8880 1.0000 1.0000 1.0000 
0 4 689.0000 6.6020 6.3740 36.1840 35.9120 35.6960 75.0110 74.7830 74.6080 1.0000 1.0000 1.0000 
0 4 6.1550 5.8620 5.6470 48.2830 4.8120 0.4800 1.0000 1.0000 1.0000 86.2550 86.3160 86.3670 
0 4 486.0000 457.0000 437.0000 7.4940 7.4140 7.3490 32.4220 32.3270 32.2530 1.0000 1.0000 1.0000 
0 3 35.1980 35.1860 3.5170 0.0000 0.0000 0.0000 4.6520 4.6170 4.5910 1.0000 1.0000 1.0000 
0 4 0.0000 0.0000 0.0000 4.0000 3.0000 3.0000 1.0000 1.0000 1.0000 13.8780 13.7170 13.5930 
0 4 169.0000 157.0000 15.0000 3.8140 3.7880 3.7650 37.8720 37.7310 37.6240 1.0000 1.0000 1.0000 
0 4 0.0000 0.0000 0.0000 0.0000 0.0000 0.0000 26.5320 25.6070 24.9310 1.0000 1.0000 1.0000 
0 4 17.6220 17.8510 18.0130 0.0000 0.0000 0.0000 37.7660 36.8490 36.1630 1.0000 1.0000 1.0000 
0 4 0.0000 0.0000 0.0000 0.0000 0.0000 0.0000 86.5050 86.3770 86.2790 1.0000 1.0000 1.0000 
0 4 1.6570 1.5720 1.5060 16.8420 16.7670 16.7020 1.0000 1.0000 1.0000 54.0940 53.9190 53.7970 
0 4 0.0000 0.0000 0.0000 0.0000 0.0000 0.0000 1.0000 1.0000 1.0000 56.9710 56.6520 56.4310 
0 4 0.0000 0.0000 0.0000 41.0000 38.0000 36.0000 24.9170 24.8440 2.4790 1.0000 1.0000 1.0000 
0 4 0.0000 0.0000 0.0000 0.0000 0.0000 0.0000 2.1040 20.6520 20.3740 1.0000 1.0000 1.0000 
0 4 0.0000 0.0000 0.0000 0.0000 0.0000 0.0000 0.0000 0.0000 0.0000 1.0000 1.0000 1.0000 
0 4 8.4130 8.4370 8.4420 0.0000 0.0000 0.0000 44.2570 43.8790 43.6170 1.0000 1.0000 1.0000 
0 4 12.2540 11.9680 11.7370 18.8110 18.5070 18.2560 1.0000 1.0000 1.0000 72.6660 72.4840 72.3540 
0 4 1.9080 1.8730 18.4580 20.6480 20.2330 19.9120 1.0000 1.0000 1.0000 47.5460 47.3410 47.1960 
0 4 0.0000 0.0000 0.0000 0.0000 0.0000 0.0000 52.9380 52.7250 52.5710 1.0000 1.0000 1.0000 
0 4 5.8630 5.7780 5.7080 5.9330 583.0000 5.7450 22.2290 22.1340 22.0620 1.0000 1.0000 1.0000 
0 4 8.0000 6.0000 5.0000 6.0490 5.9770 5.9190 38.3520 38.2320 38.1430 1.0000 1.0000 1.0000 
0 4 0.0000 0.0000 0.0000 0.0000 0.0000 0.0000 1.0000 1.0000 1.0000 70.3360 69.9510 69.6760 
0 4 2.8170 2.7230 2.6440 1.3150 13.0410 12.9470 49.7180 49.5010 49.3360 1.0000 1.0000 1.0000 
0 4 3.0320 2.7860 2.6060 47.3950 47.2250 47.0890 64.9430 64.7290 6.4570 1.0000 1.0000 1.0000 
0 4 1.0000 1.0000 0.0000 44.0000 434.0000 428.0000 12.0460 11.9940 11.9550 1.0000 1.0000 1.0000 
0 4 1.5120 1.4750 1.4480 3.5170 3.4640 3.4230 16.0530 15.9870 15.9370 1.0000 1.0000 1.0000 
0 4 264.0000 255.0000 247.0000 1.8180 1.8020 1.7870 14.6920 14.5970 14.5320 1.0000 1.0000 1.0000 
0 4 74.0190 73.4260 72.8870 46.0850 4.5230 44.5050 1.0000 1.0000 1.0000 52.4850 52.2730 52.1390 
0 4 4.0000 3.0000 2.0000 19.8950 19.8410 19.7970 1.0000 1.0000 1.0000 1.8690 1.7730 1.7110 
0 4 3.3130 3.2910 3.2690 0.0000 0.0000 0.0000 736.0000 712.0000 694.0000 1.0000 1.0000 1.0000 
0 4 681.0000 652.0000 624.0000 2.2580 2.2230 219.0000 15.0930 14.9810 14.8990 1.0000 1.0000 1.0000 
0 4 0.0000 0.0000 0.0000 0.0000 0.0000 0.0000 23.2040 23.1290 23.0770 1.0000 1.0000 1.0000 
0 4 48.8270 48.1140 47.5390 33.8750 33.0640 32.4190 1.0000 1.0000 1.0000 1.0000 9.0000 8.0000 
0 4 57.0000 5.0000 46.0000 4.9470 4.9140 4.8910 1.0000 1.0000 1.0000 52.0000 5.0860 5.0090 
0 4 759.0000 7.4140 7.2810 16.3730 1.6160 0.1600 2.5190 25.0960 25.0260 1.0000 1.0000 1.0000 
0 4 0.0000 0.0000 0.0000 0.0000 0.0000 0.0000 21.9120 2.1360 20.9870 1.0000 1.0000 1.0000 
0 4 12.3910 1.2380 12.3660 0.0000 0.0000 0.0000 1.2350 114.0000 1.0750 1.0000 1.0000 1.0000 
0 4 0.0000 0.0000 0.0000 0.0000 0.0000 0.0000 8.3680 8.2490 8.1720 1.0000 1.0000 1.0000 
0 4 0.0000 0.0000 0.0000 0.0000 0.0000 0.0000 0.0000 0.0000 0.0000 1.0000 1.0000 1.0000 
0 4 17.4020 17.5330 17.6140 75.0000 73.0000 7.0000 83.3530 83.1840 8.3060 1.0000 1.0000 1.0000 
0 4 6.0510 6.0290 6.0070 0.0000 0.0000 0.0000 0.0000 0.0000 0.0000 1.0000 1.0000 1.0000 
0 4 0.0000 0.0000 0.0000 77.0000 748.0000 732.0000 10.1630 10.0980 10.0450 1.0000 1.0000 1.0000 
0 4 0.0000 0.0000 0.0000 0.0000 0.0000 0.0000 2.1210 2.1030 20.9040 1.0000 1.0000 1.0000 
0 4 0.0000 0.0000 0.0000 0.0000 0.0000 0.0000 182.0000 1.7950 1.7760 1.0000 1.0000 1.0000 
0 4 332.0000 327.0000 322.0000 166.0000 16.0000 155.0000 227.0000 225.0000 2.2340 1.0000 1.0000 1.0000 
0 4 23.0590 2.3080 23.0890 0.0000 0.0000 0.0000 7.2040 7.0250 689.0000 1.0000 1.0000 1.0000 
0 5 57.0000 54.0000 51.0000 902.0000 893.0000 886.0000 6.3190 6.2880 6.2640 1.0000 1.0000 1.0000 
0 4 11.2940 11.2730 11.2510 0.0000 0.0000 0.0000 0.0000 0.0000 0.0000 1.0000 1.0000 1.0000 
0 4 75.7590 75.7850 75.7930 209.0000 201.0000 196.0000 16.9290 16.8610 16.8140 1.0000 1.0000 1.0000 
0 4 8.8670 8.8450 8.8230 0.0000 0.0000 0.0000 0.0000 0.0000 0.0000 1.0000 1.0000 1.0000 
0 4 28.5180 28.5080 28.4930 4.6280 4.5580 4.5050 38.7080 38.5770 38.4780 1.0000 1.0000 1.0000 
0 4 8.0720 8.0470 8.0220 0.0000 0.0000 0.0000 26.9020 26.8570 26.8210 1.0000 1.0000 1.0000 
0 4 6.9920 6.8340 6.7180 19.4090 19.1910 1.9030 50.8620 50.7350 50.6440 1.0000 1.0000 1.0000 
0 4 0.0000 0.0000 0.0000 0.0000 0.0000 0.0000 3.6120 3.5640 353.0000 1.0000 1.0000 1.0000 
0 4 485.0000 437.0000 401.0000 12.2080 1.2130 12.0690 33.6610 33.5590 33.4850 1.0000 1.0000 1.0000 
0 5 341.0000 323.0000 307.0000 8.0250 7.9830 7.9450 1.0000 1.0000 1.0000 20.8440 20.6410 20.4830 
0 4 71.5250 71.1460 70.8510 38.5430 38.0520 37.6680 45.4240 45.2660 45.1380 1.0000 1.0000 1.0000 
0 4 5.4120 54.1550 54.1670 2.0060 1.8890 1.8040 3.4470 34.2610 34.1150 1.0000 1.0000 1.0000 
0 4 7.9460 7.9240 7.9020 0.0000 0.0000 0.0000 1.0000 0.0000 0.0000 1.0000 1.0000 1.0000 
0 4 3.0000 2.0000 2.0000 2.2840 2.2790 2.2740 1.0000 1.0000 1.0000 6.4330 63.9890 63.7410 
0 4 0.0000 0.0000 0.0000 0.0000 0.0000 0.0000 1.0000 1.0000 1.0000 2.5420 25.0330 24.7450 
0 4 0.0000 0.0000 0.0000 0.0000 0.0000 0.0000 34.0070 33.8770 33.7780 1.0000 1.0000 1.0000 
0 4 0.0000 0.0000 0.0000 0.0000 0.0000 0.0000 2.4680 2.2350 2.0830 1.0000 1.0000 1.0000 
0 4 49.5670 4.9560 4.9550 0.0000 0.0000 0.0000 1.0070 975.0000 951.0000 1.0000 1.0000 1.0000 
0 4 64.7020 6.4730 64.7460 0.0000 0.0000 0.0000 16.2360 16.1660 16.1110 1.0000 1.0000 1.0000 
0 4 0.0000 0.0000 0.0000 0.0000 0.0000 0.0000 1.0000 1.0000 1.0000 5.2170 4.7570 4.4360 
0 4 3.0180 2.9770 2.9440 3.6220 3.5640 352.0000 23.1330 23.0070 22.9160 1.0000 1.0000 1.0000 
0 4 0.0000 0.0000 0.0000 0.0000 0.0000 0.0000 47.5890 47.2820 47.0570 1.0000 1.0000 1.0000 
0 3 20.1810 20.1630 20.1430 0.0000 0.0000 0.0000 1.0000 87.0000 79.0000 1.0000 1.0000 1.0000 
0 4 461.0000 393.0000 343.0000 32.0560 31.8850 31.7550 3.2590 32.4540 32.3540 1.0000 1.0000 1.0000 
0 4 22.7670 22.7670 22.7610 51.0000 48.0000 45.0000 14.3740 14.2620 14.1770 1.0000 1.0000 1.0000 
0 4 0.0000 0.0000 0.0000 0.0000 0.0000 0.0000 40.1570 39.9520 398.0000 1.0000 1.0000 1.0000 
0 5 5.9470 5.8120 5.7090 13.4770 13.3420 13.2360 1.0000 1.0000 1.0000 0.1900 18.5970 18.2990 
0 4 16.0000 14.0000 13.0000 2.0470 2.0290 2.0150 7.5330 7.4840 7.4450 1.0000 1.0000 1.0000 
0 4 2.9480 2.9030 2.8680 5.3860 5.3290 5.2860 1.0000 1.0000 1.0000 23.5360 23.2960 23.1280 
0 5 0.0000 0.0000 0.0000 0.0000 0.0000 0.0000 16.8840 16.5220 16.2860 1.0000 1.0000 1.0000 
0 4 1.1850 11.7780 11.7210 9.4920 9.3650 927.0000 1.0000 1.0000 1.0000 33.1390 32.7670 32.5010 
0 5 4.5970 4.5820 4.5620 0.0000 0.0000 0.0000 1.0000 1.0000 1.0000 41.7430 41.5190 41.3550 
0 5 1.7780 1.7090 1.6530 13.5680 13.5030 1.3450 1.0000 1.0000 1.0000 26.7390 26.4250 26.1930 
0 4 8.6120 8.3440 8.1380 2.3830 2.3550 23.3270 1.0000 1.0000 1.0000 7.1830 6.8770 6.6620 
0 4 4.3890 4.3890 438.0000 2.9420 2.9130 2.8890 1.0000 1.0000 1.0000 37.8580 37.4180 37.0880 
0 4 0.0000 0.0000 0.0000 0.0000 0.0000 0.0000 38.7560 38.2950 37.9830 1.0000 1.0000 1.0000 
0 4 12.5740 12.3010 12.0730 35.6380 3.5380 35.1530 1.0000 1.0000 1.0000 93.8510 9.3990 94.1130 
0 4 0.0000 0.0000 0.0000 747.0000 737.0000 727.0000 78.5980 78.4950 78.4190 1.0000 1.0000 1.0000 
0 4 3.2440 3.2540 3.2570 1.7960 177.0000 1.7510 1.0000 1.0000 1.0000 29.8450 29.4140 29.1220 
0 4 0.0000 0.0000 0.0000 0.0000 0.0000 0.0000 1.0000 1.0000 1.0000 8.3730 7.9930 7.7430 
0 4 0.0000 0.0000 0.0000 0.0000 0.0000 0.0000 57.6420 57.0370 56.5810 1.0000 1.0000 1.0000 
0 4 13.0000 1.0000 8.0000 433.0000 43.2910 43.2770 4.1490 41.3980 41.3340 1.0000 1.0000 1.0000 
0 4 43.4120 43.5260 43.6040 0.0000 0.0000 0.0000 84.7910 84.7620 84.7460 1.0000 1.0000 1.0000 
0 4 28.4050 28.4050 28.3980 1.0000 1.0000 1.0000 34.4570 34.3910 34.3430 1.0000 1.0000 1.0000 
0 5 0.0000 0.0000 0.0000 0.0000 0.0000 0.0000 0.0000 0.0000 0.0000 1.0000 1.0000 1.0000 
0 4 0.0000 0.0000 0.0000 0.0000 0.0000 0.0000 2.4470 2.4220 2.4040 1.0000 1.0000 1.0000 
0 4 0.0000 0.0000 0.0000 0.0000 0.0000 0.0000 5.7320 5.6040 5.5230 1.0000 1.0000 1.0000 
0 5 0.0000 0.0000 0.0000 399.0000 39.0000 383.0000 8.9520 8.9130 8.8850 1.0000 1.0000 1.0000 
0 5 0.0000 0.0000 0.0000 52.0000 51.0000 502.0000 14.0860 14.0240 13.9770 1.0000 1.0000 1.0000 
0 4 56.0550 56.0040 55.9620 11.0190 10.9220 10.8460 287.0000 28.6230 28.5620 1.0000 1.0000 1.0000 
0 4 45.0000 41.0000 383.0000 10.5490 10.4780 10.4250 18.3820 18.2990 18.2360 1.0000 1.0000 1.0000 
0 4 3.8360 3.7120 3.6110 8.0490 789.0000 7.7580 48.0030 47.9040 47.8250 1.0000 1.0000 1.0000 
0 3 0.0000 0.0000 0.0000 0.0000 0.0000 0.0000 637.0000 605.0000 584.0000 1.0000 1.0000 1.0000 
0 4 0.0000 0.0000 0.0000 0.0000 0.0000 0.0000 61.4590 60.9240 60.5650 1.0000 1.0000 1.0000 
0 4 0.0000 0.0000 0.0000 38.0000 35.0000 33.0000 30.3070 30.1560 30.0460 1.0000 1.0000 1.0000 
0 5 0.0000 0.0000 0.0000 0.0000 0.0000 0.0000 0.0000 0.0000 0.0000 1.0000 1.0000 1.0000 
0 4 3.3660 3.3030 3.2510 5.4660 5.3830 5.3150 40.7820 40.6850 40.6160 1.0000 1.0000 1.0000 
0 4 2.5190 2.4630 2.4130 7.9110 7.8120 7.7310 38.2110 38.0990 38.0210 1.0000 1.0000 1.0000 
0 5 8.4890 8.2820 8.1240 5.8740 5.6510 5.4770 21.7380 21.6520 21.5890 1.0000 1.0000 1.0000 
0 5 392.0000 369.0000 352.0000 2.6980 2.6580 2.6240 22.4760 22.3730 22.2980 1.0000 1.0000 1.0000 
0 4 0.0000 0.0000 0.0000 0.0000 0.0000 0.0000 1.0000 1.0000 1.0000 36.3880 36.0090 35.7290 
0 4 248.0000 231.0000 219.0000 4.7330 4.6960 4.6660 10.4060 10.3380 10.2850 1.0000 1.0000 1.0000 
0 4 0.0000 0.0000 0.0000 0.0000 0.0000 0.0000 7.3360 73.2110 731.0000 1.0000 1.0000 1.0000 
0 4 0.0000 0.0000 0.0000 0.0000 0.0000 0.0000 1.0000 1.0000 1.0000 18.1240 17.9520 1.7830 
0 4 2.0000 2.0000 1.0000 2.3270 2.2880 2.2590 49.5960 4.9470 49.3850 1.0000 1.0000 1.0000 
0 4 26.4250 26.1030 25.8560 25.9360 2.5580 25.3120 42.9150 42.8150 42.7350 1.0000 1.0000 1.0000 
0 4 3.0000 27.0000 26.0000 1.2160 1.2020 1.1920 15.0060 14.9230 14.8630 1.0000 1.0000 1.0000 
0 4 0.0000 0.0000 0.0000 0.0000 0.0000 0.0000 396.0000 388.0000 382.0000 1.0000 1.0000 1.0000 
0 4 0.0000 0.0000 0.0000 0.0000 0.0000 0.0000 33.6520 33.2870 33.0260 1.0000 1.0000 1.0000 
0 5 2.3150 23.1840 23.1970 55.0000 53.0000 51.0000 31.7170 31.5270 31.3970 1.0000 1.0000 1.0000 
0 5 0.0000 0.0000 0.0000 0.0000 0.0000 0.0000 0.0000 0.0000 0.0000 1.0000 1.0000 1.0000 
0 4 6.0000 56.0000 52.0000 455.0000 4.5080 4.4760 60.8860 60.8110 60.7560 1.0000 1.0000 1.0000 
0 4 131.0000 109.0000 102.0000 0.0000 0.0000 0.0000 0.0000 0.0000 0.0000 1.0000 1.0000 1.0000 
0 4 74.5590 74.5590 74.5550 0.0000 0.0000 0.0000 1.0000 1.0000 1.0000 9.5110 9.4520 9.3970 
0 3 0.0000 0.0000 0.0000 25.0000 23.0000 22.0000 1.0970 10.9120 10.8650 1.0000 1.0000 1.0000 
0 4 1.2070 1.1240 1.0570 8.2240 8.1260 8.0440 30.6430 30.5890 30.5450 1.0000 1.0000 1.0000 
0 4 4.3980 4.3260 4.2650 14.7870 14.7170 14.6460 1.0000 1.0000 1.0000 6.6030 65.8120 65.6680 
0 4 0.0000 0.0000 0.0000 0.0000 0.0000 0.0000 11.0630 10.7240 10.4870 1.0000 1.0000 1.0000 
0 4 0.0000 0.0000 0.0000 0.0000 0.0000 0.0000 854.0000 793.0000 75.0000 1.0000 1.0000 1.0000 
0 4 0.0000 0.0000 0.0000 1.0000 1.0000 0.0000 1.0000 1.0000 1.0000 586.0000 569.0000 557.0000 
0 4 79.0590 79.1750 79.2550 0.0000 0.0000 0.0000 5.7490 5.5850 5.4650 1.0000 1.0000 1.0000 
0 4 18.1980 18.1990 18.1950 0.0000 0.0000 0.0000 2.1620 2.0370 1.9430 1.0000 1.0000 1.0000 
0 4 0.0000 0.0000 0.0000 0.0000 0.0000 0.0000 1.0000 1.0000 1.0000 55.7580 55.5250 55.3510 
0 4 0.0000 0.0000 0.0000 0.0000 0.0000 0.0000 19.8310 19.3630 19.0050 1.0000 1.0000 1.0000 
0 4 18.0000 16.0000 15.0000 2.5860 2.5640 2.5450 1.0000 1.0000 1.0000 76.5980 76.5230 76.4720 
0 4 0.0000 0.0000 0.0000 0.0000 0.0000 0.0000 3.1040 2.8230 2.6460 1.0000 1.0000 1.0000 
0 3 9.0510 903.0000 9.0090 3.0000 2.0000 2.0000 683.0000 679.0000 676.0000 1.0000 1.0000 1.0000 
0 4 862.0000 843.0000 825.0000 363.0000 3.5870 3.5490 39.7330 39.6180 39.5320 1.0000 1.0000 1.0000 
0 4 56.0840 56.0690 56.0540 0.0000 0.0000 0.0000 0.0000 0.0000 0.0000 1.0000 1.0000 1.0000 
0 4 0.0000 0.0000 0.0000 0.0000 0.0000 0.0000 2.0000 2.0000 1.0000 1.0000 1.0000 1.0000 
0 4 48.0000 42.0000 37.0000 4.2790 4.2310 4.1950 3.4090 34.0120 33.9550 1.0000 1.0000 1.0000 
0 4 0.0000 0.0000 0.0000 0.0000 0.0000 0.0000 0.0000 0.0000 0.0000 1.0000 1.0000 1.0000 
0 4 613.0000 573.0000 543.0000 11.4430 11.3720 11.3140 31.6810 31.5710 31.4820 1.0000 1.0000 1.0000 
0 4 228.0000 213.0000 201.0000 4.8240 4.7940 4.7660 35.9320 35.6960 35.5240 1.0000 1.0000 1.0000 
0 3 1.3280 13.0000 1.2740 3.7380 3.6970 3.6630 19.6060 19.5180 19.4550 1.0000 1.0000 1.0000 
0 3 1.0000 1.0000 1.0000 808.0000 8.0000 794.0000 14.0920 13.8540 13.6860 1.0000 1.0000 1.0000 
0 4 0.0000 0.0000 0.0000 0.0000 0.0000 0.0000 1.9370 1.9030 188.0000 1.0000 1.0000 1.0000 
0 4 0.0000 0.0000 0.0000 0.0000 0.0000 0.0000 0.0000 0.0000 0.0000 1.0000 1.0000 1.0000 
0 4 0.0000 0.0000 0.0000 257.0000 2.5320 2.5030 17.9160 17.8340 17.7750 1.0000 1.0000 1.0000 
0 3 23.5470 23.5350 2.3520 0.0000 0.0000 0.0000 3.3480 3.2970 3.2590 1.0000 1.0000 1.0000 
0 3 37.4030 37.3840 37.3650 0.0000 0.0000 0.0000 0.0000 0.0000 0.0000 1.0000 1.0000 1.0000 
0 3 0.0000 0.0000 0.0000 0.0000 0.0000 0.0000 3.2970 3.2770 326.0000 1.0000 1.0000 1.0000 
0 4 0.0000 0.0000 0.0000 4.0000 38.0000 37.0000 10.0460 10.0110 9.9850 1.0000 1.0000 1.0000 
0 4 4.9980 4.9090 4.8360 11.0110 10.8860 10.7830 62.0510 6.1870 61.7390 1.0000 1.0000 1.0000 
0 4 209.0000 2.0680 2.0460 0.0000 0.0000 0.0000 0.0000 0.0000 0.0000 1.0000 1.0000 1.0000 
0 3 11.0000 9.0000 8.0000 3.4230 3.3980 3.3740 49.1570 49.0410 48.9460 1.0000 1.0000 1.0000 
0 4 0.0000 0.0000 0.0000 0.0000 0.0000 0.0000 482.0000 4.7630 4.7170 1.0000 1.0000 1.0000 
0 4 47.0240 47.1880 473.0000 0.0000 0.0000 0.0000 4.2650 389.0000 3.6220 1.0000 1.0000 1.0000 
0 4 0.0000 0.0000 0.0000 0.0000 0.0000 0.0000 1.0000 1.0000 1.0000 144.0000 1.3470 1.2840 
0 4 0.0000 0.0000 0.0000 0.0000 0.0000 0.0000 1.0000 1.0000 1.0000 29.6660 28.9720 28.4540 
0 4 109.0000 98.0000 9.0000 4.4010 4.3620 4.3310 38.6630 38.5560 38.4820 1.0000 1.0000 1.0000 
0 4 349.0000 323.0000 306.0000 8.5480 8.5170 8.4930 1.0000 1.0000 1.0000 7.6950 76.8840 76.8470 
0 4 439.0000 416.0000 398.0000 2.5560 2.5240 2.4990 12.5670 12.5180 12.4770 1.0000 1.0000 1.0000 
0 4 0.0000 0.0000 0.0000 0.0000 0.0000 0.0000 49.3390 49.1880 49.0690 1.0000 1.0000 1.0000 
0 4 2.6030 2.5360 2.4850 9.4870 939.0000 9.3120 22.4210 22.3380 22.2690 1.0000 1.0000 1.0000 
0 4 1.0000 0.0000 0.0000 953.0000 942.0000 933.0000 80.9950 80.8710 80.7730 1.0000 1.0000 1.0000 
0 3 0.0000 0.0000 0.0000 0.0000 0.0000 0.0000 15.1720 15.0990 15.0410 1.0000 1.0000 1.0000 
0 4 0.0000 0.0000 0.0000 0.0000 0.0000 0.0000 60.0840 59.7280 59.4620 1.0000 1.0000 1.0000 
0 4 308.0000 283.0000 264.0000 10.8680 10.8080 10.7640 1.0000 1.0000 1.0000 32.4910 32.2730 32.1110 
0 4 19.2830 1.8520 17.9340 4.3430 42.7050 42.1330 67.2280 67.0580 66.9270 1.0000 1.0000 1.0000 
0 4 0.0000 0.0000 0.0000 0.0000 0.0000 0.0000 0.0000 0.0000 0.0000 1.0000 1.0000 1.0000 
0 4 3.3890 3.2850 3.2040 10.7890 10.6380 10.5240 1.0000 1.0000 1.0000 2.3320 2.3050 2.2850 
0 4 59.5770 59.6810 59.7520 1.3510 1.3120 1.2770 1.0000 1.0000 1.0000 7.8110 7.5370 7.3210 
0 4 50.5570 50.5410 50.5250 0.0000 0.0000 0.0000 0.0000 0.0000 0.0000 1.0000 1.0000 1.0000 
0 4 2.3930 2.2830 22.0000 16.0920 15.9090 15.7670 34.7220 34.5950 345.0000 1.0000 1.0000 1.0000 
0 4 22.6550 22.6430 22.6290 0.0000 0.0000 0.0000 1.2440 1.2010 1.1690 1.0000 1.0000 1.0000 
0 4 56.0000 48.0000 43.0000 6.5090 6.4570 641.0000 60.1730 60.0840 60.0120 1.0000 1.0000 1.0000 
0 5 0.0000 0.0000 0.0000 0.0000 0.0000 0.0000 80.6370 80.4190 80.2640 1.0000 1.0000 1.0000 
0 4 6.0720 597.0000 5.8850 14.0350 1.3890 13.7680 69.6180 69.4770 69.3610 1.0000 1.0000 1.0000 
0 4 0.0000 0.0000 0.0000 0.0000 0.0000 0.0000 1.0960 1.0480 1.0170 1.0000 1.0000 1.0000 
0 4 0.0000 0.0000 0.0000 0.0000 0.0000 0.0000 925.0000 915.0000 9.0740 1.0000 1.0000 1.0000 
0 4 67.0000 61.0000 55.0000 5.0320 4.9910 4.9560 42.4960 42.3980 42.3220 1.0000 1.0000 1.0000 
0 4 4.5260 4.3970 4.2810 12.0330 11.8690 1.1730 45.0680 44.9020 44.7820 1.0000 1.0000 1.0000 
0 3 63.0000 58.0000 53.0000 3.9290 3.8940 3.8660 1.0000 1.0000 1.0000 8.6250 8.5660 8.5260 
0 4 11.5720 11.1830 1.0880 40.0720 39.6330 3.9290 1.0000 1.0000 1.0000 46.3190 46.2650 46.2220 
0 3 0.0000 0.0000 0.0000 0.0000 0.0000 0.0000 2.0000 1.0000 1.0000 1.0000 1.0000 1.0000 
0 4 1.8770 1.6420 1.4720 74.6670 74.6940 74.6960 65.9630 65.7310 65.5470 1.0000 1.0000 1.0000 
0 2 14.0430 14.0480 14.0440 0.0000 0.0000 0.0000 1.0000 1.0000 1.0000 37.3130 37.1550 37.0370 
0 4 0.0000 0.0000 0.0000 0.0000 0.0000 0.0000 1.0000 1.0000 1.0000 69.3070 69.1310 69.0060 
0 4 212.0000 206.0000 201.0000 613.0000 6.0000 59.0000 15.6510 15.4790 15.3590 1.0000 1.0000 1.0000 
0 4 0.0000 0.0000 0.0000 1.1070 1.0920 108.0000 45.4080 45.2290 45.0980 1.0000 1.0000 1.0000 
0 4 0.0000 0.0000 0.0000 0.0000 0.0000 0.0000 77.3220 77.2010 77.1070 1.0000 1.0000 1.0000 
0 4 0.0000 0.0000 0.0000 0.0000 0.0000 0.0000 1.0000 1.0000 1.0000 0.0000 0.0000 0.0000 
0 4 0.0000 0.0000 0.0000 0.0000 0.0000 0.0000 1.0000 1.0000 1.0000 702.0000 678.0000 66.0000 
0 4 206.0000 192.0000 18.0000 4.9370 4.8840 4.8440 1.0000 1.0000 1.0000 4.3620 4.1860 4.0560 
0 5 0.0000 0.0000 0.0000 0.0000 0.0000 0.0000 1.0000 1.0000 1.0000 784.0000 752.0000 727.0000 
0 4 0.0000 0.0000 0.0000 0.0000 0.0000 0.0000 94.0000 89.0000 84.0000 1.0000 1.0000 1.0000 
0 4 0.0000 0.0000 0.0000 0.0000 0.0000 0.0000 1.4270 1.4150 1.4050 1.0000 1.0000 1.0000 
0 4 0.0000 0.0000 0.0000 0.0000 0.0000 0.0000 0.0000 0.0000 0.0000 1.0000 1.0000 1.0000 
0 4 0.0000 0.0000 0.0000 0.0000 0.0000 0.0000 1.0000 1.0000 1.0000 15.4570 14.8810 14.4860 
0 4 29.7910 29.7710 29.7510 0.0000 0.0000 0.0000 0.0000 0.0000 0.0000 1.0000 1.0000 1.0000 
0 4 63.7210 63.7180 6.3710 35.0000 34.0000 32.0000 6.3580 6.3240 6.2960 1.0000 1.0000 1.0000 
0 4 0.0000 0.0000 0.0000 0.0000 0.0000 0.0000 0.0000 0.0000 0.0000 1.0000 1.0000 1.0000 
0 4 0.0000 0.0000 0.0000 0.0000 0.0000 0.0000 0.0000 0.0000 0.0000 1.0000 1.0000 1.0000 
0 4 0.0000 0.0000 0.0000 0.0000 0.0000 0.0000 57.3280 56.9710 567.0000 1.0000 1.0000 1.0000 
0 4 564.0000 54.0000 523.0000 2.2470 2.2170 2.1950 4.6120 4.5860 4.5650 1.0000 1.0000 1.0000 
0 4 0.0000 0.0000 0.0000 0.0000 0.0000 0.0000 9.6840 9.6210 9.5760 1.0000 1.0000 1.0000 
0 4 30.6440 30.6330 30.6170 1.7370 172.0000 1.7050 2.1210 21.1470 21.0990 1.0000 1.0000 1.0000 
0 4 0.0000 0.0000 0.0000 1.0000 1.0000 1.0000 42.3050 42.2350 42.1830 1.0000 1.0000 1.0000 
0 4 0.0000 0.0000 0.0000 0.0000 0.0000 0.0000 59.0480 58.7910 58.6080 1.0000 1.0000 1.0000 
0 3 0.0000 0.0000 0.0000 111.0000 108.0000 106.0000 4.5520 4.5320 4.5160 1.0000 1.0000 1.0000 
0 4 0.0000 0.0000 0.0000 0.0000 0.0000 0.0000 19.7230 19.4910 19.3170 1.0000 1.0000 1.0000 
0 4 25.8860 25.6050 25.3980 20.1230 19.7760 19.5180 61.0060 60.8860 60.7920 1.0000 1.0000 1.0000 
0 4 1.0000 1.0000 1.0000 1.7720 177.0000 1.7660 53.8080 53.2730 52.9080 1.0000 1.0000 1.0000 
0 4 20.7070 21.0160 21.2320 0.0000 0.0000 0.0000 82.6690 82.3820 8.2170 1.0000 1.0000 1.0000 
0 4 0.0000 0.0000 0.0000 0.0000 0.0000 0.0000 4.6920 4.6590 4.6360 1.0000 1.0000 1.0000 
0 5 17.8330 17.8360 17.8310 61.0000 56.0000 53.0000 1.0000 1.0000 1.0000 16.2060 16.0510 15.9310 
0 4 16.9640 16.5610 16.2470 37.5360 37.1830 369.0000 97.5680 97.4680 974.0000 1.0000 1.0000 1.0000 
0 4 3.4480 3.3790 3.3230 12.1310 12.0690 12.0130 1.0000 1.0000 1.0000 25.9820 25.5280 25.2190 
0 3 0.0000 0.0000 0.0000 0.0000 0.0000 0.0000 8.3480 7.8040 7.4520 1.0000 1.0000 1.0000 
0 3 35.0460 35.0260 35.0070 0.0000 0.0000 0.0000 181.0000 177.0000 174.0000 1.0000 1.0000 1.0000 
0 3 0.0000 0.0000 0.0000 0.0000 0.0000 0.0000 2.6170 2.5730 2.5420 1.0000 1.0000 1.0000 
0 3 2.0000 2.0000 1.0000 3.9830 3.9680 3.9560 1.0000 1.0000 1.0000 83.8340 83.7730 83.7260 
0 4 0.0000 0.0000 0.0000 0.0000 0.0000 0.0000 27.9840 27.8040 27.6760 1.0000 1.0000 1.0000 
0 4 0.0000 0.0000 0.0000 0.0000 0.0000 0.0000 0.0000 0.0000 0.0000 1.0000 1.0000 1.0000 
0 4 13.8960 13.8920 13.8810 1.6840 1.6520 1.6240 38.2620 38.1060 37.9860 1.0000 1.0000 1.0000 
0 4 11.7120 11.6990 11.6830 0.0000 0.0000 0.0000 2.2480 217.0000 2.1160 1.0000 1.0000 1.0000 
0 4 0.0000 0.0000 0.0000 0.0000 0.0000 0.0000 47.2790 47.1190 4.7010 1.0000 1.0000 1.0000 
0 3 0.0000 0.0000 0.0000 0.0000 0.0000 0.0000 10.2230 9.5330 9.0880 1.0000 1.0000 1.0000 
0 4 1.7020 1.6050 1.5330 18.8870 18.7850 187.0000 96.3770 96.2620 9.6170 1.0000 1.0000 1.0000 
0 3 0.0000 0.0000 0.0000 0.0000 0.0000 0.0000 0.0000 0.0000 0.0000 1.0000 1.0000 1.0000 
0 4 44.0000 417.0000 397.0000 5.7760 5.7150 5.6630 1.0000 1.0000 1.0000 5.4210 5.3490 5.2950 
0 4 9.2820 926.0000 9.2380 0.0000 0.0000 0.0000 1.0000 1.0000 1.0000 1.0000 1.0000 1.0000 
0 4 0.0000 0.0000 0.0000 0.0000 0.0000 0.0000 53.7270 5.3550 53.4090 1.0000 1.0000 1.0000 
0 4 0.0000 0.0000 0.0000 0.0000 0.0000 0.0000 18.6170 18.3560 18.1690 1.0000 1.0000 1.0000 
0 4 0.0000 0.0000 0.0000 0.0000 0.0000 0.0000 7.2690 7.1080 6.9890 1.0000 1.0000 1.0000 
0 4 0.0000 0.0000 0.0000 1.0000 98.0000 96.0000 8.2930 8.2270 8.1790 1.0000 1.0000 1.0000 
0 5 0.0000 0.0000 0.0000 0.0000 0.0000 0.0000 47.4620 47.1370 46.9120 1.0000 1.0000 1.0000 
0 4 8.0000 6.0000 5.0000 1.6080 1.5950 1.5820 17.4150 17.3070 17.2230 1.0000 1.0000 1.0000 
0 4 0.0000 0.0000 0.0000 226.0000 22.0000 216.0000 14.1010 1.3970 13.8790 1.0000 1.0000 1.0000 
0 4 8.9760 865.0000 841.0000 28.7670 28.3960 28.1280 33.0740 32.9590 32.8760 1.0000 1.0000 1.0000 
0 4 14.1590 13.7410 13.4060 49.6210 49.3610 49.1390 1.0000 1.0000 1.0000 555.0000 55.2790 55.1220 
0 4 0.0000 0.0000 0.0000 0.0000 0.0000 0.0000 304.0000 295.0000 287.0000 1.0000 1.0000 1.0000 
0 4 0.0000 0.0000 0.0000 0.0000 0.0000 0.0000 7.2220 7.1680 7.1280 1.0000 1.0000 1.0000 
0 4 10.4430 10.4960 10.5250 0.0000 0.0000 0.0000 1.0000 1.0000 1.0000 47.6870 47.2390 46.9110 
0 5 1.4920 1.4190 1.3640 15.9860 15.9480 15.9120 1.0000 1.0000 1.0000 97.9690 98.0390 98.0990 
0 3 0.0000 0.0000 0.0000 5.3150 5.2850 5.2590 14.2810 14.2320 14.1970 1.0000 1.0000 1.0000 
0 3 53.1030 53.0850 53.0670 0.0000 0.0000 0.0000 0.0000 0.0000 0.0000 1.0000 1.0000 1.0000 
0 3 20.4620 20.4450 2.0420 3.5430 3.5190 3.5010 41.6870 416.0000 41.5430 1.0000 1.0000 1.0000 
0 5 12.9170 12.8910 12.8620 6.4520 6.3970 6.3540 20.7490 20.6650 20.6110 1.0000 1.0000 1.0000 
0 4 0.0000 0.0000 0.0000 633.0000 622.0000 616.0000 5.3410 5.2470 5.1880 1.0000 1.0000 1.0000 
0 4 0.0000 0.0000 0.0000 3.0320 30.2770 30.2460 17.4580 17.3730 17.3220 1.0000 1.0000 1.0000 
0 4 0.0000 0.0000 0.0000 13.2360 13.2170 13.2040 69.6160 69.4950 69.4310 1.0000 1.0000 1.0000 
0 4 0.0000 0.0000 0.0000 44.2930 44.2810 4.4270 80.0950 79.9920 79.9470 1.0000 1.0000 1.0000 
0 4 36.0790 36.1060 36.1130 0.0000 0.0000 0.0000 3.7980 3.6580 3.5710 1.0000 1.0000 1.0000 
0 4 0.0000 0.0000 0.0000 0.0000 0.0000 0.0000 0.0000 0.0000 0.0000 1.0000 1.0000 1.0000 
0 4 0.0000 0.0000 0.0000 0.0000 0.0000 0.0000 24.8140 24.6960 24.6160 1.0000 1.0000 1.0000 
0 5 24.3360 24.3130 24.2890 0.0000 0.0000 0.0000 13.0000 11.0000 1.0000 1.0000 1.0000 1.0000 
0 4 54.8090 5.4860 54.8750 5.8830 5.8630 5.8470 20.4420 203.0000 20.2170 1.0000 1.0000 1.0000 
0 4 16.4270 16.4270 16.4150 0.0000 0.0000 0.0000 1.0690 10.5280 10.4340 1.0000 1.0000 1.0000 
0 4 0.0000 0.0000 0.0000 0.0000 0.0000 0.0000 129.0000 98.0000 83.0000 1.0000 1.0000 1.0000 
0 3 0.0000 0.0000 0.0000 0.0000 0.0000 0.0000 0.0000 0.0000 0.0000 1.0000 1.0000 1.0000 
0 5 0.0000 0.0000 0.0000 0.0000 0.0000 0.0000 1.0000 0.0000 0.0000 1.0000 1.0000 1.0000 
0 3 0.0000 0.0000 0.0000 29.8070 29.7690 29.7360 12.4960 12.4250 12.3760 1.0000 1.0000 1.0000 
0 5 0.0000 0.0000 0.0000 4.6550 4.6440 4.6310 7.5340 7.4490 7.3970 1.0000 1.0000 1.0000 
0 5 32.2790 32.3370 32.3550 0.0000 0.0000 0.0000 23.7270 23.5020 23.3730 1.0000 1.0000 1.0000 
0 4 0.0000 0.0000 0.0000 0.0000 0.0000 0.0000 0.0000 0.0000 0.0000 1.0000 1.0000 1.0000 
0 4 0.0000 0.0000 0.0000 129.0000 126.0000 123.0000 898.0000 8.9530 8.9330 1.0000 1.0000 1.0000 
0 4 0.0000 0.0000 0.0000 0.0000 0.0000 0.0000 414.0000 4.1220 4.1080 1.0000 1.0000 1.0000 
0 3 66.1850 66.2970 66.3410 9.6630 9.6310 9.6070 45.9310 45.7810 45.7020 1.0000 1.0000 1.0000 
0 3 55.4780 55.5380 55.5570 22.0000 19.0000 18.0000 2.1410 2.1270 21.1910 1.0000 1.0000 1.0000 
0 3 0.0000 0.0000 0.0000 0.0000 0.0000 0.0000 2.0000 17.0000 15.0000 1.0000 1.0000 1.0000 
0 3 0.0000 0.0000 0.0000 116.0000 1.1450 1.1360 24.6010 24.4820 24.4120 1.0000 1.0000 1.0000 
0 4 0.0000 0.0000 0.0000 1.2030 1.1980 1.1940 25.1990 24.7630 24.5120 1.0000 1.0000 1.0000 
0 4 68.5190 68.5660 68.5870 0.0000 0.0000 0.0000 722.0000 632.0000 581.0000 1.0000 1.0000 1.0000 
0 2 0.0000 0.0000 0.0000 94.5060 94.8980 95.1380 1.0000 1.0000 1.0000 26.1630 25.8580 25.6610 
0 4 3.2230 32.2080 32.1850 0.0000 0.0000 0.0000 0.0000 0.0000 0.0000 1.0000 1.0000 1.0000 
0 5 0.0000 0.0000 0.0000 3.1970 3.1870 3.1760 8.6840 8.6320 8.5960 1.0000 1.0000 1.0000 
0 3 0.0000 0.0000 0.0000 45.8520 45.8250 45.8110 34.5190 34.3550 34.2560 1.0000 1.0000 1.0000 
0 4 0.0000 0.0000 0.0000 56.0000 53.0000 51.0000 7.2840 7.2370 7.2070 1.0000 1.0000 1.0000 
0 4 0.0000 0.0000 0.0000 0.0000 0.0000 0.0000 0.0000 0.0000 0.0000 1.0000 1.0000 1.0000 
0 4 0.0000 0.0000 0.0000 0.0000 0.0000 0.0000 0.0000 0.0000 0.0000 1.0000 1.0000 1.0000 
0 4 0.0000 0.0000 0.0000 0.0000 0.0000 0.0000 34.4140 34.2440 34.1370 1.0000 1.0000 1.0000 
0 5 5.9780 59.8050 59.8080 39.8280 39.8060 39.7970 32.7190 32.6010 32.5350 1.0000 1.0000 1.0000 
0 5 14.6930 14.6690 14.6440 0.0000 0.0000 0.0000 401.0000 396.0000 391.0000 1.0000 1.0000 1.0000 
0 3 0.0000 0.0000 0.0000 0.0000 0.0000 0.0000 8.4260 8.3620 8.3220 1.0000 1.0000 1.0000 
0 3 0.0000 0.0000 0.0000 0.0000 0.0000 0.0000 19.0000 18.0000 17.0000 1.0000 1.0000 1.0000 
0 4 0.0000 0.0000 0.0000 0.0000 0.0000 0.0000 0.0000 0.0000 0.0000 1.0000 1.0000 1.0000 
0 4 0.0000 0.0000 0.0000 1.2420 12.3890 12.3710 50.0050 49.8780 4.9810 1.0000 1.0000 1.0000 
0 5 0.0000 0.0000 0.0000 0.0000 0.0000 0.0000 0.0000 0.0000 0.0000 1.0000 1.0000 1.0000 
0 4 14.8860 14.8640 14.8390 127.0000 121.0000 118.0000 5.9550 5.8950 5.8530 1.0000 1.0000 1.0000 
0 3 6.5290 6.4980 6.4650 20.4780 20.4550 20.4370 25.3090 2.5210 25.1420 1.0000 1.0000 1.0000 
0 4 73.6940 73.7230 73.7320 39.0000 34.0000 32.0000 18.0860 18.0190 17.9750 1.0000 1.0000 1.0000 
0 5 0.0000 0.0000 0.0000 3.8830 3.8690 3.8560 3.7960 3.7490 3.7150 1.0000 1.0000 1.0000 
0 4 0.0000 0.0000 0.0000 32.9040 32.8520 32.8280 77.5520 77.4220 77.3650 1.0000 1.0000 1.0000 
0 4 0.0000 0.0000 0.0000 0.0000 0.0000 0.0000 6.3730 6.3040 6.2610 1.0000 1.0000 1.0000 
0 3 0.0000 0.0000 0.0000 0.0000 0.0000 0.0000 0.0000 0.0000 0.0000 1.0000 1.0000 1.0000 
0 4 0.0000 0.0000 0.0000 19.9670 19.9760 1.9970 53.2770 53.0230 52.8830 1.0000 1.0000 1.0000 
0 4 6.3680 6.3420 6.3150 47.0000 46.0000 45.0000 10.1260 10.1020 10.0830 1.0000 1.0000 1.0000 
0 3 0.0000 0.0000 0.0000 0.0000 0.0000 0.0000 18.0000 13.0000 11.0000 1.0000 1.0000 1.0000 
0 4 0.0000 0.0000 0.0000 0.0000 0.0000 0.0000 0.0000 0.0000 0.0000 1.0000 1.0000 1.0000 
0 4 0.0000 0.0000 0.0000 0.0000 0.0000 0.0000 274.0000 254.0000 242.0000 1.0000 1.0000 1.0000 
0 4 34.6360 34.6230 34.6030 93.0000 88.0000 85.0000 14.8230 1.4770 14.7360 1.0000 1.0000 1.0000 
0 4 26.6690 26.6620 26.6470 0.0000 0.0000 0.0000 4.1060 4.0290 3.9810 1.0000 1.0000 1.0000 
0 5 68.0240 68.0560 68.0650 0.0000 0.0000 0.0000 6.6890 6.6090 6.5590 1.0000 1.0000 1.0000 
0 4 0.0000 0.0000 0.0000 0.0000 0.0000 0.0000 22.0820 21.9440 21.8640 1.0000 1.0000 1.0000 
0 3 0.0000 0.0000 0.0000 17.0830 17.0480 17.0280 33.4060 33.3030 33.2480 1.0000 1.0000 1.0000 
0 3 0.0000 0.0000 0.0000 1.7540 17.5240 17.5180 70.1770 70.0390 69.9670 1.0000 1.0000 1.0000 
0 4 16.0950 16.0710 16.0460 0.0000 0.0000 0.0000 0.0000 0.0000 0.0000 1.0000 1.0000 1.0000 
0 4 0.0000 0.0000 0.0000 3.4920 3.4660 345.0000 12.7380 12.6720 12.6310 1.0000 1.0000 1.0000 
0 1 0.0000 0.0000 0.0000 76.6590 76.6570 76.6520 4.8220 48.0910 48.0180 1.0000 1.0000 1.0000 
0 4 0.2000 19.9760 19.9520 0.0000 0.0000 0.0000 0.0000 0.0000 0.0000 1.0000 1.0000 1.0000 
0 4 0.0000 0.0000 0.0000 0.0000 0.0000 0.0000 224.0000 212.0000 204.0000 1.0000 1.0000 1.0000 
0 4 10.0830 10.0580 10.0330 0.0000 0.0000 0.0000 0.0000 0.0000 0.0000 1.0000 1.0000 1.0000 
0 4 0.0000 0.0000 0.0000 0.0000 0.0000 0.0000 35.0000 26.0000 21.0000 1.0000 1.0000 1.0000 
0 4 0.0000 0.0000 0.0000 0.0000 0.0000 0.0000 2.4450 2.4190 2.4020 1.0000 1.0000 1.0000 
0 4 53.5890 53.5810 53.5690 0.0000 0.0000 0.0000 289.0000 268.0000 254.0000 1.0000 1.0000 1.0000 
0 4 0.0000 0.0000 0.0000 0.0000 0.0000 0.0000 3.0000 2.0000 2.0000 1.0000 1.0000 1.0000 
0 3 0.0000 0.0000 0.0000 0.0000 0.0000 0.0000 0.0000 0.0000 0.0000 1.0000 1.0000 1.0000 
0 4 0.0000 0.0000 0.0000 0.0000 0.0000 0.0000 0.0000 0.0000 0.0000 1.0000 1.0000 1.0000 
0 4 59.2040 59.1880 59.1710 0.0000 0.0000 0.0000 0.0000 0.0000 0.0000 1.0000 1.0000 1.0000 
0 4 6.8080 6.7840 6.7590 0.0000 0.0000 0.0000 125.0000 108.0000 98.0000 1.0000 1.0000 1.0000 
0 3 0.0000 0.0000 0.0000 0.0000 0.0000 0.0000 2.8020 275.0000 272.0000 1.0000 1.0000 1.0000 
0 3 0.0000 0.0000 0.0000 141.0000 93.0000 78.0000 1.0000 1.0000 1.0000 21.0140 20.8190 20.6920 
0 4 0.0000 0.0000 0.0000 15.7190 15.2390 15.0870 1.0000 1.0000 1.0000 50.1650 50.2920 50.2830 
0 4 80.0410 80.0370 80.0290 0.0000 0.0000 0.0000 5.1430 512.0000 5.1030 1.0000 1.0000 1.0000 
0 4 0.0000 0.0000 0.0000 0.0000 0.0000 0.0000 1.3310 1.3120 13.0000 1.0000 1.0000 1.0000 
0 4 0.0000 0.0000 0.0000 0.0000 0.0000 0.0000 0.0000 0.0000 0.0000 1.0000 1.0000 1.0000 
0 4 0.0000 0.0000 0.0000 0.0000 0.0000 0.0000 0.0000 0.0000 0.0000 1.0000 1.0000 1.0000 
0 3 14.0840 14.0670 14.0460 0.0000 0.0000 0.0000 394.0000 3.8630 3.8160 1.0000 1.0000 1.0000 
0 4 50.3590 50.3410 50.3230 0.0000 0.0000 0.0000 15.0000 12.0000 11.0000 1.0000 1.0000 1.0000 
0 4 0.0000 0.0000 0.0000 3.9870 3.9640 395.0000 29.4940 29.4190 29.3770 1.0000 1.0000 1.0000 
0 4 0.0000 0.0000 0.0000 1.4730 1.2830 122.0000 19.9190 19.6810 19.5850 1.0000 1.0000 1.0000 
0 4 0.0000 0.0000 0.0000 0.0000 0.0000 0.0000 573.0000 517.0000 485.0000 1.0000 1.0000 1.0000 
0 5 0.0000 0.0000 0.0000 2.0000 1.0000 1.0000 13.2240 13.1560 13.1140 1.0000 1.0000 1.0000 
0 4 0.0000 0.0000 0.0000 0.0000 0.0000 0.0000 207.0000 203.0000 199.0000 1.0000 1.0000 1.0000 
0 4 0.0000 0.0000 0.0000 0.0000 0.0000 0.0000 0.0000 0.0000 0.0000 1.0000 1.0000 1.0000 
0 4 0.0000 0.0000 0.0000 38.0000 329.0000 31.0000 41.4610 41.3270 41.2550 1.0000 1.0000 1.0000 
0 4 0.0000 0.0000 0.0000 0.0000 0.0000 0.0000 1.2960 1.2870 128.0000 1.0000 1.0000 1.0000 
0 4 0.0000 0.0000 0.0000 0.0000 0.0000 0.0000 19.8050 19.7370 19.6890 1.0000 1.0000 1.0000 
0 5 11.9860 11.9640 11.9390 0.0000 0.0000 0.0000 9.0750 9.0180 8.9810 1.0000 1.0000 1.0000 
0 5 0.0000 0.0000 0.0000 0.0000 0.0000 0.0000 10.9790 10.8720 10.8040 1.0000 1.0000 1.0000 
0 4 0.0000 0.0000 0.0000 0.0000 0.0000 0.0000 5.3920 5.2010 509.0000 1.0000 1.0000 1.0000 
0 4 0.0000 0.0000 0.0000 0.0000 0.0000 0.0000 179.0000 173.0000 169.0000 1.0000 1.0000 1.0000 
0 4 1.0000 1.0000 1.0000 3.7450 3.6220 3.5760 86.6950 86.3940 86.2640 69.1760 68.9530 68.8260 
0 3 0.0000 0.0000 0.0000 3.7130 3.5660 3.5060 31.6550 31.4560 31.3640 1.0000 1.0000 1.0000 
0 5 0.0000 0.0000 0.0000 0.0000 0.0000 0.0000 0.0000 0.0000 0.0000 1.0000 1.0000 1.0000 
0 4 1.5640 15.6170 1.5590 0.0000 0.0000 0.0000 25.2660 25.2050 2.5160 1.0000 1.0000 1.0000 
0 4 0.0000 0.0000 0.0000 0.0000 0.0000 0.0000 0.0000 0.0000 0.0000 1.0000 1.0000 1.0000 
0 4 12.8140 12.7890 12.7640 0.0000 0.0000 0.0000 295.0000 2.9350 2.9220 1.0000 1.0000 1.0000 
0 2 0.0000 0.0000 0.0000 0.0000 0.0000 0.0000 36.0250 35.7720 35.6090 1.0000 1.0000 1.0000 
0 2 0.0000 0.0000 0.0000 0.0000 0.0000 0.0000 98.9360 98.8920 9.8850 1.0000 1.0000 1.0000 
0 4 0.0000 0.0000 0.0000 1.0000 0.0000 0.0000 1.0000 1.0000 1.0000 74.2220 74.1790 74.1580 
0 4 0.0000 0.0000 0.0000 0.0000 0.0000 0.0000 17.8370 17.7710 17.7310 1.0000 1.0000 1.0000 
0 4 0.0000 0.0000 0.0000 0.0000 0.0000 0.0000 38.5990 38.4980 38.4350 1.0000 1.0000 1.0000 
0 3 0.0000 0.0000 0.0000 0.0000 0.0000 0.0000 13.1090 13.0490 13.0060 1.0000 1.0000 1.0000 
0 4 0.0000 0.0000 0.0000 0.0000 0.0000 0.0000 0.0000 0.0000 0.0000 1.0000 1.0000 1.0000 
0 4 0.0000 0.0000 0.0000 5.4540 4.6330 4.3880 79.3260 78.4290 7.8130 1.0000 1.0000 1.0000 
0 4 0.0000 0.0000 0.0000 1.0000 1.0000 1.0000 1.0000 1.0000 1.0000 69.8120 69.6290 69.5190 
0 4 0.0000 0.0000 0.0000 0.0000 0.0000 0.0000 9.6390 9.5790 9.5410 1.0000 1.0000 1.0000 
0 4 0.0000 0.0000 0.0000 11.0000 8.0000 7.0000 72.1880 72.1510 72.1250 1.0000 1.0000 1.0000 
0 4 0.0000 0.0000 0.0000 0.0000 0.0000 0.0000 0.0000 0.0000 0.0000 1.0000 1.0000 1.0000 
0 3 0.0000 0.0000 0.0000 14.0000 1.0000 9.0000 19.0270 18.9410 18.8880 1.0000 1.0000 1.0000 
0 4 0.0000 0.0000 0.0000 0.0000 0.0000 0.0000 0.0000 0.0000 0.0000 1.0000 1.0000 1.0000 
0 4 0.0000 0.0000 0.0000 0.0000 0.0000 0.0000 25.5580 25.4780 2.5430 1.0000 1.0000 1.0000 
0 4 0.0000 0.0000 0.0000 0.0000 0.0000 0.0000 1.7370 16.9480 16.7070 1.0000 1.0000 1.0000 
0 2 0.0000 0.0000 0.0000 0.0000 0.0000 0.0000 9.2530 92.4010 92.3230 1.0000 1.0000 1.0000 
0 4 0.0000 0.0000 0.0000 186.0000 141.0000 125.0000 1.0000 1.0000 1.0000 55.5370 55.4630 55.4160 
0 3 0.0000 0.0000 0.0000 0.0000 0.0000 0.0000 13.1130 13.0260 12.9750 1.0000 1.0000 1.0000 
0 3 0.0000 0.0000 0.0000 0.0000 0.0000 0.0000 589.0000 546.0000 524.0000 1.0000 1.0000 1.0000 
0 4 0.0000 0.0000 0.0000 2.7220 2.4490 2.3650 49.0270 48.7030 48.5840 1.0000 1.0000 1.0000 
0 4 0.0000 0.0000 0.0000 293.0000 273.0000 265.0000 39.2870 39.0120 38.8370 1.0000 1.0000 1.0000 
0 4 0.0000 0.0000 0.0000 0.0000 0.0000 0.0000 27.1310 26.7920 26.5920 1.0000 1.0000 1.0000 
0 4 0.0000 0.0000 0.0000 5.0000 4.0000 3.0000 2.6540 2.6270 2.6070 1.0000 1.0000 1.0000 
0 4 0.0000 0.0000 0.0000 0.0000 0.0000 0.0000 0.0000 0.0000 0.0000 1.0000 1.0000 1.0000 
0 4 28.7020 28.7080 287.0000 0.0000 0.0000 0.0000 3.3580 325.0000 3.1910 1.0000 1.0000 1.0000 
0 4 0.0000 0.0000 0.0000 0.0000 0.0000 0.0000 0.0000 0.0000 0.0000 1.0000 1.0000 1.0000 
0 4 0.0000 0.0000 0.0000 0.0000 0.0000 0.0000 44.0000 4.0000 38.0000 1.0000 1.0000 1.0000 
0 5 0.0000 0.0000 0.0000 0.0000 0.0000 0.0000 32.3650 32.2880 32.2390 1.0000 1.0000 1.0000 
0 5 0.0000 0.0000 0.0000 0.0000 0.0000 0.0000 144.0000 134.0000 127.0000 1.0000 1.0000 1.0000 
0 4 26.0190 26.0540 26.0580 0.0000 0.0000 0.0000 31.6050 31.4120 31.3010 1.0000 1.0000 1.0000 
0 5 4.8820 4.8570 4.8320 0.0000 0.0000 0.0000 0.0000 0.0000 0.0000 1.0000 1.0000 1.0000 
0 5 0.0000 0.0000 0.0000 0.0000 0.0000 0.0000 0.0000 0.0000 0.0000 1.0000 1.0000 1.0000 
0 4 0.0000 0.0000 0.0000 0.0000 0.0000 0.0000 1.0000 1.0000 1.0000 76.0810 76.0350 76.0050 
0 4 0.0000 0.0000 0.0000 19.0000 13.0000 12.0000 1.0000 1.0000 1.0000 59.1390 59.0510 59.0030 
0 4 0.0000 0.0000 0.0000 0.0000 0.0000 0.0000 295.0000 2.8670 2.8130 1.0000 1.0000 1.0000 
0 4 0.0000 0.0000 0.0000 0.0000 0.0000 0.0000 20.6490 20.5130 20.4260 1.0000 1.0000 1.0000 
0 0 0.0000 0.0000 0.0000 0.0000 0.0000 0.0000 32.1920 31.9340 3.1770 1.0000 1.0000 1.0000 
0 4 0.0000 0.0000 0.0000 1.0000 1.0000 1.0000 1.0000 1.0000 1.0000 69.3950 69.3820 69.3740 
0 0 0.0000 0.0000 0.0000 0.0000 0.0000 0.0000 1.1990 114.0000 1.1010 1.0000 1.0000 1.0000 
0 0 72.0000 68.0000 63.0000 2.5860 2.5740 2.5620 8.1790 8.1270 8.0830 1.0000 1.0000 1.0000 
0 0 15.3110 1.5180 1.5080 19.2440 19.0890 18.9690 1.0000 1.0000 1.0000 69.3520 69.2080 69.1020 
0 0 0.0000 0.0000 0.0000 516.0000 511.0000 506.0000 7.0840 7.0170 6.9680 1.0000 1.0000 1.0000 
0 0 1.0000 1.0000 1.0000 877.0000 869.0000 862.0000 12.9010 12.8420 12.7940 1.0000 1.0000 1.0000 
0 0 72.0000 652.0000 603.0000 20.9290 20.8120 20.7220 49.9790 49.8820 49.8120 1.0000 1.0000 1.0000 
0 0 3.0000 3.0000 3.0000 885.0000 879.0000 872.0000 39.6830 39.4820 39.3390 1.0000 1.0000 1.0000 
0 0 0.0000 0.0000 0.0000 2.6080 2.5680 2.5320 3.9080 38.9890 38.9240 1.0000 1.0000 1.0000 
0 0 0.0000 0.0000 0.0000 0.0000 0.0000 0.0000 9.7740 9.6760 9.6050 1.0000 1.0000 1.0000 
0 0 0.0000 0.0000 0.0000 0.0000 0.0000 0.0000 28.7590 28.1620 27.7650 1.0000 1.0000 1.0000 
0 0 0.0000 0.0000 0.0000 0.0000 0.0000 0.0000 19.6820 19.1650 18.8080 1.0000 1.0000 1.0000 
0 0 51.9710 51.6880 51.4710 36.1760 35.7990 3.5520 7.2580 7.2420 72.3020 1.0000 1.0000 1.0000 
0 0 12.8010 1.2690 12.6020 26.9870 26.8640 26.7660 50.9930 5.0760 50.5890 1.0000 1.0000 1.0000 
0 0 0.0000 0.0000 0.0000 593.0000 587.0000 581.0000 3.1050 30.9130 30.8130 1.0000 1.0000 1.0000 
0 0 0.0000 0.0000 0.0000 0.0000 0.0000 0.0000 39.2170 38.7210 38.3720 1.0000 1.0000 1.0000 
0 0 22.0330 21.7450 2.1530 34.1970 33.9190 3.3710 1.0000 1.0000 1.0000 65.8490 65.7340 65.6520 
0 0 0.0000 0.0000 0.0000 0.0000 0.0000 0.0000 262.0000 239.0000 225.0000 1.0000 1.0000 1.0000 
0 0 0.0000 0.0000 0.0000 0.0000 0.0000 0.0000 698.0000 689.0000 682.0000 1.0000 1.0000 1.0000 
0 0 2.7140 2.6150 2.5420 10.0770 9.9620 9.8750 31.7830 31.6630 31.5730 1.0000 1.0000 1.0000 
0 0 0.0000 0.0000 0.0000 0.0000 0.0000 0.0000 42.0000 37.0000 34.0000 1.0000 1.0000 1.0000 
0 0 18.5860 18.4140 18.2960 1.7050 16.8380 16.6880 46.2620 46.1440 4.6060 1.0000 1.0000 1.0000 
0 0 12.5960 12.5770 12.5530 6.5150 6.4960 6.4790 1.0000 1.0000 1.0000 56.9660 56.8840 56.8130 
0 0 3.2320 319.0000 3.1550 6.9280 6.8740 683.0000 38.5170 3.8360 38.2530 1.0000 1.0000 1.0000 
0 0 4.0000 4.0000 3.0000 806.0000 801.0000 795.0000 12.1070 11.9580 11.8540 1.0000 1.0000 1.0000 
0 0 7.3550 7.3340 7.3120 0.0000 0.0000 0.0000 197.0000 194.0000 19.0000 1.0000 1.0000 1.0000 
0 0 0.0000 0.0000 0.0000 0.0000 0.0000 0.0000 73.2690 72.9240 72.6850 1.0000 1.0000 1.0000 
0 0 0.0000 0.0000 0.0000 0.0000 0.0000 0.0000 1.0000 1.0000 1.0000 55.5410 55.3560 55.2430 
0 0 0.0000 0.0000 0.0000 0.0000 0.0000 0.0000 2.8790 28.2470 27.8920 1.0000 1.0000 1.0000 
0 3 1.3480 13.5010 13.5080 0.0000 0.0000 0.0000 28.3210 28.0750 27.8950 1.0000 1.0000 1.0000 
0 0 8.6610 8.6390 8.6170 0.0000 0.0000 0.0000 0.0000 0.0000 0.0000 1.0000 1.0000 1.0000 
0 0 82.2840 8.2330 8.2340 16.5420 16.4240 16.3280 1.0000 1.0000 1.0000 59.7350 59.6410 59.5670 
0 0 15.5270 15.3670 15.2450 13.9410 13.7520 13.6060 30.8280 30.7150 30.6260 1.0000 1.0000 1.0000 
0 0 0.0000 0.0000 0.0000 0.0000 0.0000 0.0000 771.0000 762.0000 756.0000 1.0000 1.0000 1.0000 
0 0 0.0000 0.0000 0.0000 115.0000 113.0000 111.0000 1.0000 1.0000 1.0000 97.5560 97.5440 9.7540 
0 0 0.0000 0.0000 0.0000 7.0000 7.0000 7.0000 2.4290 2.3650 2.3220 1.0000 1.0000 1.0000 
0 0 81.2150 81.2080 81.2010 0.0000 0.0000 0.0000 0.0000 0.0000 0.0000 1.0000 1.0000 1.0000 
0 0 36.4390 36.4460 36.4440 0.0000 0.0000 0.0000 10.0360 995.0000 9.8890 1.0000 1.0000 1.0000 
0 0 0.0000 0.0000 0.0000 7.0000 6.0000 6.0000 16.1870 16.1420 16.1050 1.0000 1.0000 1.0000 
0 3 0.0000 0.0000 0.0000 1.0000 0.0000 0.0000 98.0470 97.9850 97.9290 1.0000 1.0000 1.0000 
0 5 2.1840 2.1580 2.1320 3.2440 3.2260 321.0000 15.9890 15.9270 15.8790 1.0000 1.0000 1.0000 
0 3 8.1640 8.1430 812.0000 364.0000 341.0000 326.0000 13.1120 13.0420 12.9930 1.0000 1.0000 1.0000 
0 3 41.1520 41.1370 4.1120 0.0000 0.0000 0.0000 854.0000 839.0000 829.0000 1.0000 1.0000 1.0000 
0 3 41.3150 41.3090 41.2960 25.0000 23.0000 21.0000 23.7240 23.6560 23.6030 1.0000 1.0000 1.0000 
0 5 0.0000 0.0000 0.0000 0.0000 0.0000 0.0000 24.8340 2.4540 24.3310 1.0000 1.0000 1.0000 
0 3 10.4830 104.0000 10.3330 4.4190 4.3060 422.0000 15.0740 15.0040 14.9490 1.0000 1.0000 1.0000 
0 5 24.1270 24.1480 24.1560 1.0000 1.0000 1.0000 16.2870 16.1150 1.5990 1.0000 1.0000 1.0000 
0 3 0.0000 0.0000 0.0000 0.0000 0.0000 0.0000 5.6790 5.5180 5.4070 1.0000 1.0000 1.0000 
0 3 51.0000 41.0000 35.0000 23.5830 23.5630 23.5370 59.7740 59.6080 59.4860 1.0000 1.0000 1.0000 
0 3 0.0000 0.0000 0.0000 0.0000 0.0000 0.0000 19.8840 19.7850 19.7140 1.0000 1.0000 1.0000 
0 3 0.0000 0.0000 0.0000 0.0000 0.0000 0.0000 1.0430 995.0000 962.0000 1.0000 1.0000 1.0000 
0 3 8.6610 8.6390 8.6170 0.0000 0.0000 0.0000 0.0000 0.0000 0.0000 1.0000 1.0000 1.0000 
0 3 0.0000 0.0000 0.0000 0.0000 0.0000 0.0000 0.0000 0.0000 0.0000 1.0000 1.0000 1.0000 
0 3 57.3680 57.3530 57.3390 0.0000 0.0000 0.0000 0.0000 0.0000 0.0000 1.0000 1.0000 1.0000 
0 3 0.0000 0.0000 0.0000 2.0000 2.0000 1.0000 1.3820 13.6940 13.5970 1.0000 1.0000 1.0000 
0 3 0.0000 0.0000 0.0000 0.0000 0.0000 0.0000 0.0000 0.0000 0.0000 1.0000 1.0000 1.0000 
0 3 32.3130 32.2950 32.2720 8.7780 8.7580 8.7390 39.3470 39.2960 39.2580 1.0000 1.0000 1.0000 
0 3 208.0000 2.0780 2.0760 4.0000 36.0000 34.0000 7.7190 7.6880 7.6620 1.0000 1.0000 1.0000 
0 3 1.0000 1.0000 1.0000 35.7180 35.5860 3.5480 4.7110 47.0230 46.9650 92.7660 92.7890 92.8230 
0 3 55.5720 55.5870 5.5590 0.0000 0.0000 0.0000 20.8520 20.7720 20.7080 1.0000 1.0000 1.0000 
0 3 0.0000 0.0000 0.0000 0.0000 0.0000 0.0000 0.0000 0.0000 0.0000 1.0000 1.0000 1.0000 
0 3 17.0000 16.0000 15.0000 1.9220 1.9090 1.8970 27.6350 2.7560 27.5060 1.0000 1.0000 1.0000 
0 3 0.0000 0.0000 0.0000 149.0000 147.0000 1.4550 4.4340 44.2540 44.1950 1.0000 1.0000 1.0000 
0 3 4.4690 44.6770 44.6620 0.0000 0.0000 0.0000 336.0000 321.0000 311.0000 1.0000 1.0000 1.0000 
0 0 0.0000 0.0000 0.0000 629.0000 624.0000 62.0000 2.4180 24.0760 24.0050 1.0000 1.0000 1.0000 
0 0 0.0000 0.0000 0.0000 0.0000 0.0000 0.0000 6.0000 4.0000 3.0000 1.0000 1.0000 1.0000 
0 0 142.0000 131.0000 123.0000 4.4520 4.4410 4.4280 1.0000 1.0000 1.0000 3.8970 38.6840 3.8490 
0 0 0.0000 0.0000 0.0000 0.0000 0.0000 0.0000 19.7690 19.6580 19.5740 1.0000 1.0000 1.0000 
0 0 7.7680 77.5780 77.4970 12.9560 12.8090 12.6940 26.2160 26.1440 26.0840 1.0000 1.0000 1.0000 
0 0 0.0000 0.0000 0.0000 0.0000 0.0000 0.0000 1.8670 1.8540 1.8440 1.0000 1.0000 1.0000 
0 0 58.0000 56.0000 53.0000 1.9010 1.8930 1.8850 26.3740 25.9840 25.6970 1.0000 1.0000 1.0000 
0 0 9.0000 8.0000 8.0000 246.0000 2.4380 2.4160 1.0000 1.0000 1.0000 18.1920 18.0170 17.8920 
0 0 548.0000 532.0000 517.0000 4.3540 4.3130 4.2770 1.0000 1.0000 1.0000 5.9440 5.8490 5.7770 
0 0 56.4080 56.3960 56.3830 0.0000 0.0000 0.0000 154.0000 145.0000 138.0000 1.0000 1.0000 1.0000 
0 0 0.0000 0.0000 0.0000 241.0000 238.0000 234.0000 55.5990 55.3310 55.1230 1.0000 1.0000 1.0000 
0 3 12.0000 111.0000 105.0000 4.2020 4.2040 4.2020 61.7360 61.4280 61.2170 1.0000 1.0000 1.0000 
0 3 7.6620 7.6390 7.6160 1.0030 996.0000 989.0000 1.3970 13.9220 13.8830 1.0000 1.0000 1.0000 
0 3 765.0000 733.0000 714.0000 8.2280 8.1790 8.1450 3.8880 38.7630 38.6810 1.0000 1.0000 1.0000 
0 3 4.2850 4.2260 4.1760 3.0840 3.0330 2.9960 22.8030 22.7420 22.6950 1.0000 1.0000 1.0000 
0 5 30.5310 30.5210 30.5070 0.0000 0.0000 0.0000 3.7490 37.0000 3.6620 1.0000 1.0000 1.0000 
0 5 22.0000 2.0000 18.0000 2.2880 2.2740 2.2620 27.9460 27.8170 27.7240 1.0000 1.0000 1.0000 
0 0 0.0000 0.0000 0.0000 0.0000 0.0000 0.0000 44.4930 44.2230 44.0330 1.0000 1.0000 1.0000 
0 0 1.2230 12.0240 1.1870 46.6210 46.4580 46.3270 0.9500 94.9120 94.8420 1.0000 1.0000 1.0000 
0 0 115.0000 11.1890 10.9510 50.0560 49.9290 49.8230 1.0000 1.0000 1.0000 72.2560 72.2010 72.1750 
0 0 0.0000 0.0000 0.0000 0.0000 0.0000 0.0000 0.0000 0.0000 0.0000 1.0000 1.0000 1.0000 
0 0 19.2230 18.7480 18.3710 40.7740 40.3340 39.9780 54.6920 54.4980 54.3390 1.0000 1.0000 1.0000 
