0 4 0.0000 0.0000 0.0000 0.0413 0.0408 0.0406 0.4879 0.4868 0.4863 1.0000 1.0000 1.0000 
0 4 0.0000 0.0000 0.0000 0.0000 0.0000 0.0000 0.0157 0.0155 0.0154 1.0000 1.0000 1.0000 
0 3 0.0000 0.0000 0.0000 0.0034 0.0026 0.0023 0.7323 0.7298 0.7285 1.0000 1.0000 1.0000 
0 4 0.0000 0.0000 0.0000 0.0000 0.0000 0.0000 1.0000 1.0000 1.0000 0.4213 0.4188 0.4174 
0 4 0.0000 0.0000 0.0000 0.0000 0.0000 0.0000 0.2413 0.2408 0.2404 1.0000 1.0000 1.0000 
0 4 0.1719 0.1716 0.1714 0.0000 0.0000 0.0000 0.0000 0.0000 0.0000 1.0000 1.0000 1.0000 
0 4 0.0000 0.0000 0.0000 0.0000 0.0000 0.0000 0.4541 0.4518 0.4505 1.0000 1.0000 1.0000 
0 4 0.0000 0.0000 0.0000 0.0000 0.0000 0.0000 1.0000 1.0000 1.0000 0.3929 0.3885 0.3859 
0 3 0.0000 0.0000 0.0000 0.0000 0.0000 0.0000 0.2989 0.2981 0.2976 1.0000 1.0000 1.0000 
0 4 0.0000 0.0000 0.0000 0.0000 0.0000 0.0000 0.3620 0.3607 0.3599 1.0000 1.0000 1.0000 
0 3 0.7463 0.7466 0.7466 0.0000 0.0000 0.0000 1.0000 1.0000 1.0000 0.4754 0.4747 0.4742 
0 5 0.3851 0.3852 0.3851 0.0000 0.0000 0.0000 0.1371 0.1363 0.1359 1.0000 1.0000 1.0000 
0 4 0.0000 0.0000 0.0000 0.0011 0.0010 0.0010 0.2873 0.2862 0.2856 1.0000 1.0000 1.0000 
0 4 0.1141 0.1137 0.1132 0.0000 0.0000 0.0000 0.9736 0.9736 0.9735 1.0000 1.0000 1.0000 
0 3 0.0000 0.0000 0.0000 0.0415 0.0382 0.0372 1.0000 1.0000 1.0000 0.9019 0.9049 0.9057 
0 3 0.0106 0.0104 0.0101 0.0000 0.0000 0.0000 0.0000 0.0000 0.0000 1.0000 1.0000 1.0000 
0 4 0.0695 0.0692 0.0689 0.0001 0.0001 0.0001 0.1764 0.1759 0.1756 1.0000 1.0000 1.0000 
0 4 0.0303 0.0279 0.0261 0.4739 0.4723 0.4709 0.6494 0.6473 0.6457 1.0000 1.0000 1.0000 
0 4 0.0000 0.0000 0.0000 0.0044 0.0043 0.0043 0.1205 0.1199 0.1195 1.0000 1.0000 1.0000 
0 4 0.0151 0.0148 0.0145 0.0352 0.0346 0.0342 0.1605 0.1599 0.1594 1.0000 1.0000 1.0000 
0 4 0.0026 0.0026 0.0025 0.0182 0.0180 0.0179 0.1469 0.1460 0.1453 1.0000 1.0000 1.0000 
0 4 0.7402 0.7343 0.7289 0.4609 0.4523 0.4451 1.0000 1.0000 1.0000 0.5249 0.5227 0.5214 
0 4 0.0000 0.0000 0.0000 0.1989 0.1984 0.1980 1.0000 1.0000 1.0000 0.0187 0.0177 0.0171 
0 4 0.4883 0.4811 0.4754 0.3388 0.3306 0.3242 1.0000 1.0000 1.0000 0.0001 0.0001 0.0001 
0 4 0.0759 0.0741 0.0728 0.1637 0.1616 0.1600 0.2519 0.2510 0.2503 1.0000 1.0000 1.0000 
0 4 0.0000 0.0000 0.0000 0.0000 0.0000 0.0000 0.2191 0.2136 0.2099 1.0000 1.0000 1.0000 
0 4 0.1239 0.1238 0.1237 0.0000 0.0000 0.0000 0.0124 0.0114 0.0108 1.0000 1.0000 1.0000 
0 4 0.0605 0.0603 0.0601 0.0000 0.0000 0.0000 0.0000 0.0000 0.0000 1.0000 1.0000 1.0000 
0 4 0.0000 0.0000 0.0000 0.0077 0.0075 0.0073 0.1016 0.1010 0.1005 1.0000 1.0000 1.0000 
0 4 0.0000 0.0000 0.0000 0.0000 0.0000 0.0000 0.2121 0.2103 0.2090 1.0000 1.0000 1.0000 
0 4 0.0000 0.0000 0.0000 0.0000 0.0000 0.0000 0.0182 0.0180 0.0178 1.0000 1.0000 1.0000 
0 4 0.0033 0.0033 0.0032 0.0017 0.0016 0.0016 0.0227 0.0225 0.0223 1.0000 1.0000 1.0000 
0 4 0.1129 0.1127 0.1125 0.0000 0.0000 0.0000 0.0000 0.0000 0.0000 1.0000 1.0000 1.0000 
0 4 0.0699 0.0683 0.0672 0.1941 0.1919 0.1903 0.5086 0.5074 0.5064 1.0000 1.0000 1.0000 
0 4 0.0000 0.0000 0.0000 0.0000 0.0000 0.0000 0.0361 0.0356 0.0353 1.0000 1.0000 1.0000 
0 4 0.0049 0.0044 0.0040 0.1221 0.1213 0.1207 0.3366 0.3356 0.3349 1.0000 1.0000 1.0000 
0 5 0.0034 0.0032 0.0031 0.0803 0.0798 0.0794 1.0000 1.0000 1.0000 0.2084 0.2064 0.2048 
0 4 0.7153 0.7115 0.7085 0.3854 0.3805 0.3767 0.4542 0.4527 0.4514 1.0000 1.0000 1.0000 
0 4 0.5412 0.5415 0.5417 0.0201 0.0189 0.0180 0.3447 0.3426 0.3411 1.0000 1.0000 1.0000 
0 4 0.0795 0.0792 0.0790 0.0000 0.0000 0.0000 0.0000 0.0000 0.0000 1.0000 1.0000 1.0000 
0 4 0.4957 0.4956 0.4955 0.0000 0.0000 0.0000 0.0101 0.0098 0.0095 1.0000 1.0000 1.0000 
0 4 0.6470 0.6473 0.6475 0.0000 0.0000 0.0000 0.1624 0.1617 0.1611 1.0000 1.0000 1.0000 
0 4 0.2277 0.2277 0.2276 0.0005 0.0005 0.0004 0.1437 0.1426 0.1418 1.0000 1.0000 1.0000 
0 4 0.0000 0.0000 0.0000 0.0000 0.0000 0.0000 0.4016 0.3995 0.3980 1.0000 1.0000 1.0000 
0 4 0.0295 0.0290 0.0287 0.0539 0.0533 0.0529 1.0000 1.0000 1.0000 0.2354 0.2330 0.2313 
0 4 0.0000 0.0000 0.0000 0.0000 0.0000 0.0000 0.3876 0.3830 0.3798 1.0000 1.0000 1.0000 
0 4 0.1257 0.1230 0.1207 0.3564 0.3538 0.3515 1.0000 1.0000 1.0000 0.9385 0.9399 0.9411 
0 4 0.0000 0.0000 0.0000 0.0075 0.0074 0.0073 0.7860 0.7850 0.7842 1.0000 1.0000 1.0000 
0 4 0.0000 0.0000 0.0000 0.0000 0.0000 0.0000 1.0000 1.0000 1.0000 0.0837 0.0799 0.0774 
0 4 0.0000 0.0000 0.0000 0.0000 0.0000 0.0000 0.5764 0.5704 0.5658 1.0000 1.0000 1.0000 
0 4 0.0001 0.0001 0.0001 0.4330 0.4329 0.4328 0.4149 0.4140 0.4133 1.0000 1.0000 1.0000 
0 4 0.4341 0.4353 0.4360 0.0000 0.0000 0.0000 0.8479 0.8476 0.8475 1.0000 1.0000 1.0000 
0 5 0.0000 0.0000 0.0000 0.0000 0.0000 0.0000 0.0000 0.0000 0.0000 1.0000 1.0000 1.0000 
0 4 0.0000 0.0000 0.0000 0.0000 0.0000 0.0000 0.0245 0.0242 0.0240 1.0000 1.0000 1.0000 
0 5 0.0000 0.0000 0.0000 0.0052 0.0051 0.0050 0.1409 0.1402 0.1398 1.0000 1.0000 1.0000 
0 5 0.0000 0.0000 0.0000 0.0000 0.0000 0.0000 0.0000 0.0000 0.0000 1.0000 1.0000 1.0000 
0 4 0.0337 0.0330 0.0325 0.0547 0.0538 0.0531 0.4078 0.4069 0.4062 1.0000 1.0000 1.0000 
0 4 0.0252 0.0246 0.0241 0.0791 0.0781 0.0773 0.3821 0.3810 0.3802 1.0000 1.0000 1.0000 
0 5 0.0849 0.0828 0.0812 0.0587 0.0565 0.0548 0.2174 0.2165 0.2159 1.0000 1.0000 1.0000 
0 5 0.0039 0.0037 0.0035 0.0270 0.0266 0.0262 0.2248 0.2237 0.2230 1.0000 1.0000 1.0000 
0 4 0.0000 0.0000 0.0000 0.0000 0.0000 0.0000 1.0000 1.0000 1.0000 0.3639 0.3601 0.3573 
0 4 0.0025 0.0023 0.0022 0.0473 0.0470 0.0467 0.1041 0.1034 0.1028 1.0000 1.0000 1.0000 
0 4 0.0000 0.0000 0.0000 0.0000 0.0000 0.0000 0.0040 0.0039 0.0038 1.0000 1.0000 1.0000 
0 5 0.2315 0.2318 0.2320 0.0005 0.0005 0.0005 0.3172 0.3153 0.3140 1.0000 1.0000 1.0000 
0 4 0.7456 0.7456 0.7455 0.0000 0.0000 0.0000 1.0000 1.0000 1.0000 0.0951 0.0945 0.0940 
0 3 0.0000 0.0000 0.0000 0.0003 0.0002 0.0002 0.1097 0.1091 0.1086 1.0000 1.0000 1.0000 
0 4 0.0121 0.0112 0.0106 0.0822 0.0813 0.0804 0.3064 0.3059 0.3054 1.0000 1.0000 1.0000 
0 4 0.0440 0.0433 0.0426 0.1479 0.1472 0.1465 1.0000 1.0000 1.0000 0.6603 0.6581 0.6567 
0 4 0.0000 0.0000 0.0000 0.0000 0.0000 0.0000 0.1983 0.1936 0.1901 1.0000 1.0000 1.0000 
0 3 0.6618 0.6630 0.6634 0.0966 0.0963 0.0961 0.4593 0.4578 0.4570 1.0000 1.0000 1.0000 
0 3 0.0000 0.0000 0.0000 0.0000 0.0000 0.0000 0.0843 0.0836 0.0832 1.0000 1.0000 1.0000 
0 3 0.0000 0.0000 0.0000 0.0000 0.0000 0.0000 0.0002 0.0002 0.0002 1.0000 1.0000 1.0000 
0 4 0.0000 0.0000 0.0000 0.0000 0.0000 0.0000 0.0000 0.0000 0.0000 1.0000 1.0000 1.0000 
0 4 0.0000 0.0000 0.0000 0.1242 0.1239 0.1237 0.5001 0.4988 0.4981 1.0000 1.0000 1.0000 
0 5 0.0000 0.0000 0.0000 0.0000 0.0000 0.0000 0.0000 0.0000 0.0000 1.0000 1.0000 1.0000 
0 4 0.1489 0.1486 0.1484 0.0013 0.0012 0.0012 0.0595 0.0589 0.0585 1.0000 1.0000 1.0000 
0 3 0.0653 0.0650 0.0646 0.2048 0.2045 0.2044 0.2531 0.2521 0.2514 1.0000 1.0000 1.0000 
0 4 0.7369 0.7372 0.7373 0.0004 0.0003 0.0003 0.1809 0.1802 0.1797 1.0000 1.0000 1.0000 
0 5 0.0000 0.0000 0.0000 0.0388 0.0387 0.0386 0.0380 0.0375 0.0371 1.0000 1.0000 1.0000 
0 4 0.0000 0.0000 0.0000 0.3290 0.3285 0.3283 0.7755 0.7742 0.7736 1.0000 1.0000 1.0000 
0 4 0.0000 0.0000 0.0000 0.0000 0.0000 0.0000 0.0637 0.0630 0.0626 1.0000 1.0000 1.0000 
0 3 0.0000 0.0000 0.0000 0.0000 0.0000 0.0000 0.0000 0.0000 0.0000 1.0000 1.0000 1.0000 
0 4 0.0000 0.0000 0.0000 0.1997 0.1998 0.1997 0.5328 0.5302 0.5288 1.0000 1.0000 1.0000 
0 4 0.0637 0.0634 0.0632 0.0005 0.0005 0.0004 0.1013 0.1010 0.1008 1.0000 1.0000 1.0000 
0 3 0.0000 0.0000 0.0000 0.0000 0.0000 0.0000 0.0002 0.0001 0.0001 1.0000 1.0000 1.0000 
0 4 0.0000 0.0000 0.0000 0.0000 0.0000 0.0000 0.0000 0.0000 0.0000 1.0000 1.0000 1.0000 
0 4 0.0000 0.0000 0.0000 0.0000 0.0000 0.0000 0.0027 0.0025 0.0024 1.0000 1.0000 1.0000 
0 4 0.3464 0.3462 0.3460 0.0009 0.0009 0.0009 0.1482 0.1477 0.1474 1.0000 1.0000 1.0000 
0 4 0.2667 0.2666 0.2665 0.0000 0.0000 0.0000 0.0411 0.0403 0.0398 1.0000 1.0000 1.0000 
0 5 0.6802 0.6806 0.6806 0.0000 0.0000 0.0000 0.0669 0.0661 0.0656 1.0000 1.0000 1.0000 
0 4 0.0000 0.0000 0.0000 0.0000 0.0000 0.0000 0.2208 0.2194 0.2186 1.0000 1.0000 1.0000 
0 3 0.0000 0.0000 0.0000 0.1708 0.1705 0.1703 0.3341 0.3330 0.3325 1.0000 1.0000 1.0000 
0 3 0.0000 0.0000 0.0000 0.1754 0.1752 0.1752 0.7018 0.7004 0.6997 1.0000 1.0000 1.0000 
0 4 0.1610 0.1607 0.1605 0.0000 0.0000 0.0000 0.0000 0.0000 0.0000 1.0000 1.0000 1.0000 
0 4 0.0000 0.0000 0.0000 0.0349 0.0347 0.0345 0.1274 0.1267 0.1263 1.0000 1.0000 1.0000 
0 1 0.0000 0.0000 0.0000 0.7666 0.7666 0.7665 0.4822 0.4809 0.4802 1.0000 1.0000 1.0000 
0 4 0.2000 0.1998 0.1995 0.0000 0.0000 0.0000 0.0000 0.0000 0.0000 1.0000 1.0000 1.0000 
0 4 0.0000 0.0000 0.0000 0.0000 0.0000 0.0000 0.0022 0.0021 0.0020 1.0000 1.0000 1.0000 
0 4 0.1008 0.1006 0.1003 0.0000 0.0000 0.0000 0.0000 0.0000 0.0000 1.0000 1.0000 1.0000 
0 4 0.0000 0.0000 0.0000 0.0000 0.0000 0.0000 0.0003 0.0003 0.0002 1.0000 1.0000 1.0000 
0 4 0.0000 0.0000 0.0000 0.0000 0.0000 0.0000 0.0245 0.0242 0.0240 1.0000 1.0000 1.0000 
0 4 0.5359 0.5358 0.5357 0.0000 0.0000 0.0000 0.0029 0.0027 0.0025 1.0000 1.0000 1.0000 
0 4 0.0000 0.0000 0.0000 0.0000 0.0000 0.0000 0.0000 0.0000 0.0000 1.0000 1.0000 1.0000 
0 3 0.0000 0.0000 0.0000 0.0000 0.0000 0.0000 0.0000 0.0000 0.0000 1.0000 1.0000 1.0000 
0 4 0.0000 0.0000 0.0000 0.0000 0.0000 0.0000 0.0000 0.0000 0.0000 1.0000 1.0000 1.0000 
0 4 0.5920 0.5919 0.5917 0.0000 0.0000 0.0000 0.0000 0.0000 0.0000 1.0000 1.0000 1.0000 
0 4 0.0681 0.0678 0.0676 0.0000 0.0000 0.0000 0.0012 0.0011 0.0010 1.0000 1.0000 1.0000 
0 3 0.0000 0.0000 0.0000 0.0000 0.0000 0.0000 0.0280 0.0275 0.0272 1.0000 1.0000 1.0000 
0 3 0.0000 0.0000 0.0000 0.0014 0.0009 0.0008 1.0000 1.0000 1.0000 0.2101 0.2082 0.2069 
0 4 0.0000 0.0000 0.0000 0.1572 0.1524 0.1509 1.0000 1.0000 1.0000 0.5016 0.5029 0.5028 
0 4 0.8004 0.8004 0.8003 0.0000 0.0000 0.0000 0.0514 0.0512 0.0510 1.0000 1.0000 1.0000 
0 4 0.0000 0.0000 0.0000 0.0000 0.0000 0.0000 0.0133 0.0131 0.0130 1.0000 1.0000 1.0000 
0 4 0.0000 0.0000 0.0000 0.0000 0.0000 0.0000 0.0000 0.0000 0.0000 1.0000 1.0000 1.0000 
0 4 0.0000 0.0000 0.0000 0.0000 0.0000 0.0000 0.0000 0.0000 0.0000 1.0000 1.0000 1.0000 
0 3 0.1408 0.1407 0.1405 0.0000 0.0000 0.0000 0.0394 0.0386 0.0382 1.0000 1.0000 1.0000 
0 4 0.5036 0.5034 0.5032 0.0000 0.0000 0.0000 0.0002 0.0001 0.0001 1.0000 1.0000 1.0000 
0 4 0.0000 0.0000 0.0000 0.0399 0.0396 0.0395 0.2949 0.2942 0.2938 1.0000 1.0000 1.0000 
0 4 0.0000 0.0000 0.0000 0.0147 0.0128 0.0122 0.1992 0.1968 0.1958 1.0000 1.0000 1.0000 
0 4 0.0000 0.0000 0.0000 0.0000 0.0000 0.0000 0.0057 0.0052 0.0049 1.0000 1.0000 1.0000 
0 5 0.0000 0.0000 0.0000 0.0000 0.0000 0.0000 0.1322 0.1316 0.1311 1.0000 1.0000 1.0000 
0 4 0.0000 0.0000 0.0000 0.0000 0.0000 0.0000 0.0021 0.0020 0.0020 1.0000 1.0000 1.0000 
0 4 0.0000 0.0000 0.0000 0.0000 0.0000 0.0000 0.0000 0.0000 0.0000 1.0000 1.0000 1.0000 
0 4 0.0000 0.0000 0.0000 0.0038 0.0033 0.0031 0.4146 0.4133 0.4126 1.0000 1.0000 1.0000 
0 4 0.0000 0.0000 0.0000 0.0000 0.0000 0.0000 0.0130 0.0129 0.0128 1.0000 1.0000 1.0000 
0 4 0.0000 0.0000 0.0000 0.0000 0.0000 0.0000 0.1981 0.1974 0.1969 1.0000 1.0000 1.0000 
0 5 0.1199 0.1196 0.1194 0.0000 0.0000 0.0000 0.0908 0.0902 0.0898 1.0000 1.0000 1.0000 
0 5 0.0000 0.0000 0.0000 0.0000 0.0000 0.0000 0.1098 0.1087 0.1080 1.0000 1.0000 1.0000 
0 4 0.0000 0.0000 0.0000 0.0000 0.0000 0.0000 0.0539 0.0520 0.0509 1.0000 1.0000 1.0000 
0 4 0.0000 0.0000 0.0000 0.0000 0.0000 0.0000 0.0018 0.0017 0.0017 1.0000 1.0000 1.0000 
0 4 1.0000 1.0000 1.0000 0.0375 0.0362 0.0358 0.8669 0.8639 0.8626 0.6918 0.6895 0.6883 
0 3 0.0000 0.0000 0.0000 0.0371 0.0357 0.0351 0.3165 0.3146 0.3136 1.0000 1.0000 1.0000 
0 5 0.0000 0.0000 0.0000 0.0000 0.0000 0.0000 0.0000 0.0000 0.0000 1.0000 1.0000 1.0000 
0 4 0.1564 0.1562 0.1559 0.0000 0.0000 0.0000 0.2527 0.2521 0.2516 1.0000 1.0000 1.0000 
0 4 0.0000 0.0000 0.0000 0.0000 0.0000 0.0000 0.0000 0.0000 0.0000 1.0000 1.0000 1.0000 
0 4 0.1281 0.1279 0.1276 0.0000 0.0000 0.0000 0.0295 0.0293 0.0292 1.0000 1.0000 1.0000 
0 2 0.0000 0.0000 0.0000 0.0000 0.0000 0.0000 0.3602 0.3577 0.3561 1.0000 1.0000 1.0000 
0 2 0.0000 0.0000 0.0000 0.0000 0.0000 0.0000 0.9894 0.9889 0.9885 1.0000 1.0000 1.0000 
0 4 0.0000 0.0000 0.0000 0.0000 0.0000 0.0000 1.0000 1.0000 1.0000 0.7422 0.7418 0.7416 
0 4 0.0000 0.0000 0.0000 0.0000 0.0000 0.0000 0.1784 0.1777 0.1773 1.0000 1.0000 1.0000 
0 4 0.0000 0.0000 0.0000 0.0000 0.0000 0.0000 0.3860 0.3850 0.3844 1.0000 1.0000 1.0000 
0 3 0.0000 0.0000 0.0000 0.0000 0.0000 0.0000 0.1311 0.1305 0.1301 1.0000 1.0000 1.0000 
0 4 0.0000 0.0000 0.0000 0.0000 0.0000 0.0000 0.0000 0.0000 0.0000 1.0000 1.0000 1.0000 
0 4 0.0000 0.0000 0.0000 0.0545 0.0463 0.0439 0.7933 0.7843 0.7813 1.0000 1.0000 1.0000 
0 4 0.0000 0.0000 0.0000 0.0000 0.0000 0.0000 1.0000 1.0000 1.0000 0.6981 0.6963 0.6952 
0 4 0.0000 0.0000 0.0000 0.0000 0.0000 0.0000 0.0964 0.0958 0.0954 1.0000 1.0000 1.0000 
0 4 0.0000 0.0000 0.0000 0.0001 0.0001 0.0001 0.7219 0.7215 0.7212 1.0000 1.0000 1.0000 
0 4 0.0000 0.0000 0.0000 0.0000 0.0000 0.0000 0.0000 0.0000 0.0000 1.0000 1.0000 1.0000 
0 3 0.0000 0.0000 0.0000 0.0001 0.0001 0.0001 0.1903 0.1894 0.1889 1.0000 1.0000 1.0000 
0 4 0.0000 0.0000 0.0000 0.0000 0.0000 0.0000 0.0000 0.0000 0.0000 1.0000 1.0000 1.0000 
0 4 0.0000 0.0000 0.0000 0.0000 0.0000 0.0000 0.2556 0.2548 0.2543 1.0000 1.0000 1.0000 
0 4 0.0000 0.0000 0.0000 0.0000 0.0000 0.0000 0.1737 0.1695 0.1671 1.0000 1.0000 1.0000 
0 2 0.0000 0.0000 0.0000 0.0000 0.0000 0.0000 0.9253 0.9240 0.9232 1.0000 1.0000 1.0000 
0 4 0.0000 0.0000 0.0000 0.0019 0.0014 0.0012 1.0000 1.0000 1.0000 0.5554 0.5546 0.5542 
0 3 0.0000 0.0000 0.0000 0.0000 0.0000 0.0000 0.1311 0.1303 0.1297 1.0000 1.0000 1.0000 
0 3 0.0000 0.0000 0.0000 0.0000 0.0000 0.0000 0.0059 0.0055 0.0052 1.0000 1.0000 1.0000 
0 4 0.0000 0.0000 0.0000 0.0272 0.0245 0.0236 0.4903 0.4870 0.4858 1.0000 1.0000 1.0000 
0 4 0.0000 0.0000 0.0000 0.0029 0.0027 0.0026 0.3929 0.3901 0.3884 1.0000 1.0000 1.0000 
0 4 0.0000 0.0000 0.0000 0.0000 0.0000 0.0000 0.2713 0.2679 0.2659 1.0000 1.0000 1.0000 
0 4 0.0000 0.0000 0.0000 0.0000 0.0000 0.0000 0.0265 0.0263 0.0261 1.0000 1.0000 1.0000 
0 4 0.0000 0.0000 0.0000 0.0000 0.0000 0.0000 0.0000 0.0000 0.0000 1.0000 1.0000 1.0000 
0 4 0.2870 0.2871 0.2870 0.0000 0.0000 0.0000 0.0336 0.0325 0.0319 1.0000 1.0000 1.0000 
0 4 0.0000 0.0000 0.0000 0.0000 0.0000 0.0000 0.0000 0.0000 0.0000 1.0000 1.0000 1.0000 
0 4 0.0000 0.0000 0.0000 0.0000 0.0000 0.0000 0.0004 0.0004 0.0004 1.0000 1.0000 1.0000 
0 5 0.0000 0.0000 0.0000 0.0000 0.0000 0.0000 0.3237 0.3229 0.3224 1.0000 1.0000 1.0000 
0 5 0.0000 0.0000 0.0000 0.0000 0.0000 0.0000 0.0014 0.0013 0.0013 1.0000 1.0000 1.0000 
0 4 0.2602 0.2605 0.2606 0.0000 0.0000 0.0000 0.3160 0.3141 0.3130 1.0000 1.0000 1.0000 
0 5 0.0488 0.0486 0.0483 0.0000 0.0000 0.0000 0.0000 0.0000 0.0000 1.0000 1.0000 1.0000 
0 5 0.0000 0.0000 0.0000 0.0000 0.0000 0.0000 0.0000 0.0000 0.0000 1.0000 1.0000 1.0000 
0 4 0.0000 0.0000 0.0000 0.0000 0.0000 0.0000 1.0000 1.0000 1.0000 0.7608 0.7603 0.7600 
0 4 0.0000 0.0000 0.0000 0.0002 0.0001 0.0001 1.0000 1.0000 1.0000 0.5914 0.5905 0.5900 
0 4 0.0000 0.0000 0.0000 0.0000 0.0000 0.0000 0.0295 0.0287 0.0281 1.0000 1.0000 1.0000 
0 4 0.0000 0.0000 0.0000 0.0000 0.0000 0.0000 0.2065 0.2051 0.2043 1.0000 1.0000 1.0000 
0 0 0.0000 0.0000 0.0000 0.0000 0.0000 0.0000 0.3219 0.3193 0.3177 1.0000 1.0000 1.0000 
0 4 0.0000 0.0000 0.0000 0.0000 0.0000 0.0000 1.0000 1.0000 1.0000 0.6939 0.6938 0.6937 
0 0 0.0000 0.0000 0.0000 0.0000 0.0000 0.0000 0.0120 0.0114 0.0110 1.0000 1.0000 1.0000 
0 0 0.0007 0.0007 0.0006 0.0259 0.0257 0.0256 0.0818 0.0813 0.0808 1.0000 1.0000 1.0000 
0 0 0.0000 0.0000 0.0000 0.0052 0.0051 0.0051 0.0708 0.0702 0.0697 1.0000 1.0000 1.0000 
0 0 0.0000 0.0000 0.0000 0.0088 0.0087 0.0086 0.1290 0.1284 0.1279 1.0000 1.0000 1.0000 
0 0 0.0072 0.0065 0.0060 0.2093 0.2081 0.2072 0.4998 0.4988 0.4981 1.0000 1.0000 1.0000 
0 0 0.0000 0.0000 0.0000 0.0088 0.0088 0.0087 0.3968 0.3948 0.3934 1.0000 1.0000 1.0000 
0 0 0.0000 0.0000 0.0000 0.0261 0.0257 0.0253 0.3908 0.3899 0.3892 1.0000 1.0000 1.0000 
0 0 0.0000 0.0000 0.0000 0.0000 0.0000 0.0000 0.1968 0.1917 0.1881 1.0000 1.0000 1.0000 
0 0 0.5197 0.5169 0.5147 0.3618 0.3580 0.3552 0.7258 0.7242 0.7230 1.0000 1.0000 1.0000 
0 0 0.1280 0.1269 0.1260 0.2699 0.2686 0.2677 0.5099 0.5076 0.5059 1.0000 1.0000 1.0000 
0 0 0.0000 0.0000 0.0000 0.0059 0.0059 0.0058 0.3105 0.3091 0.3081 1.0000 1.0000 1.0000 
0 0 0.0000 0.0000 0.0000 0.0000 0.0000 0.0000 0.3922 0.3872 0.3837 1.0000 1.0000 1.0000 
0 0 0.2203 0.2174 0.2153 0.3420 0.3392 0.3371 1.0000 1.0000 1.0000 0.6585 0.6573 0.6565 
0 0 0.0271 0.0261 0.0254 0.1008 0.0996 0.0988 0.3178 0.3166 0.3157 1.0000 1.0000 1.0000 
0 0 0.0000 0.0000 0.0000 0.0000 0.0000 0.0000 0.0004 0.0004 0.0003 1.0000 1.0000 1.0000 
0 0 0.1859 0.1841 0.1830 0.1705 0.1684 0.1669 0.4626 0.4614 0.4606 1.0000 1.0000 1.0000 
0 0 0.1260 0.1258 0.1255 0.0652 0.0650 0.0648 1.0000 1.0000 1.0000 0.5697 0.5688 0.5681 
0 0 0.0000 0.0000 0.0000 0.0081 0.0080 0.0080 0.1211 0.1196 0.1185 1.0000 1.0000 1.0000 
0 0 0.0736 0.0733 0.0731 0.0000 0.0000 0.0000 0.0020 0.0019 0.0019 1.0000 1.0000 1.0000 
0 0 0.0000 0.0000 0.0000 0.0000 0.0000 0.0000 0.7327 0.7292 0.7268 1.0000 1.0000 1.0000 
0 0 0.0000 0.0000 0.0000 0.0000 0.0000 0.0000 1.0000 1.0000 1.0000 0.5554 0.5536 0.5524 
0 0 0.0000 0.0000 0.0000 0.0000 0.0000 0.0000 0.2879 0.2825 0.2789 1.0000 1.0000 1.0000 
0 3 0.1348 0.1350 0.1351 0.0000 0.0000 0.0000 0.2832 0.2808 0.2790 1.0000 1.0000 1.0000 
0 0 0.0866 0.0864 0.0862 0.0000 0.0000 0.0000 0.0000 0.0000 0.0000 1.0000 1.0000 1.0000 
0 0 0.0000 0.0000 0.0000 0.0012 0.0011 0.0011 1.0000 1.0000 1.0000 0.9756 0.9754 0.9754 
0 0 0.0000 0.0000 0.0000 0.0001 0.0001 0.0001 0.0243 0.0236 0.0232 1.0000 1.0000 1.0000 
0 0 0.8122 0.8121 0.8120 0.0000 0.0000 0.0000 0.0000 0.0000 0.0000 1.0000 1.0000 1.0000 
0 0 0.3644 0.3645 0.3644 0.0000 0.0000 0.0000 0.1004 0.0995 0.0989 1.0000 1.0000 1.0000 
0 0 0.0000 0.0000 0.0000 0.0001 0.0001 0.0001 0.1619 0.1614 0.1611 1.0000 1.0000 1.0000 
0 3 0.0000 0.0000 0.0000 0.0000 0.0000 0.0000 0.9805 0.9798 0.9793 1.0000 1.0000 1.0000 
0 5 0.0218 0.0216 0.0213 0.0324 0.0323 0.0321 0.1599 0.1593 0.1588 1.0000 1.0000 1.0000 
0 5 0.0000 0.0000 0.0000 0.0000 0.0000 0.0000 0.2483 0.2454 0.2433 1.0000 1.0000 1.0000 
0 3 0.1048 0.1040 0.1033 0.0442 0.0431 0.0422 0.1507 0.1500 0.1495 1.0000 1.0000 1.0000 
0 5 0.2413 0.2415 0.2416 0.0000 0.0000 0.0000 0.1629 0.1611 0.1599 1.0000 1.0000 1.0000 
0 3 0.0000 0.0000 0.0000 0.0000 0.0000 0.0000 0.0568 0.0552 0.0541 1.0000 1.0000 1.0000 
0 3 0.0000 0.0000 0.0000 0.0000 0.0000 0.0000 0.1988 0.1979 0.1971 1.0000 1.0000 1.0000 
0 3 0.0000 0.0000 0.0000 0.0000 0.0000 0.0000 0.0104 0.0099 0.0096 1.0000 1.0000 1.0000 
0 3 0.0000 0.0000 0.0000 0.0000 0.0000 0.0000 0.1382 0.1369 0.1360 1.0000 1.0000 1.0000 
0 3 0.0000 0.0000 0.0000 0.0000 0.0000 0.0000 0.0000 0.0000 0.0000 1.0000 1.0000 1.0000 
0 3 0.3231 0.3230 0.3227 0.0878 0.0876 0.0874 0.3935 0.3930 0.3926 1.0000 1.0000 1.0000 
0 3 0.2080 0.2078 0.2076 0.0004 0.0004 0.0003 0.0772 0.0769 0.0766 1.0000 1.0000 1.0000 
0 3 1.0000 1.0000 1.0000 0.3572 0.3559 0.3548 0.4711 0.4702 0.4697 0.9277 0.9279 0.9282 
0 3 0.5557 0.5559 0.5559 0.0000 0.0000 0.0000 0.2085 0.2077 0.2071 1.0000 1.0000 1.0000 
0 3 0.0000 0.0000 0.0000 0.0000 0.0000 0.0000 0.0000 0.0000 0.0000 1.0000 1.0000 1.0000 
0 3 0.4469 0.4468 0.4466 0.0000 0.0000 0.0000 0.0034 0.0032 0.0031 1.0000 1.0000 1.0000 
0 0 0.0000 0.0000 0.0000 0.0063 0.0062 0.0062 0.2418 0.2408 0.2401 1.0000 1.0000 1.0000 
0 0 0.0000 0.0000 0.0000 0.0000 0.0000 0.0000 0.0001 0.0000 0.0000 1.0000 1.0000 1.0000 
0 0 0.0014 0.0013 0.0012 0.0445 0.0444 0.0443 1.0000 1.0000 1.0000 0.3897 0.3868 0.3849 
0 0 0.0000 0.0000 0.0000 0.0000 0.0000 0.0000 0.1977 0.1966 0.1957 1.0000 1.0000 1.0000 
0 0 0.7768 0.7758 0.7750 0.1296 0.1281 0.1269 0.2622 0.2614 0.2608 1.0000 1.0000 1.0000 
0 0 0.0000 0.0000 0.0000 0.0000 0.0000 0.0000 0.0187 0.0185 0.0184 1.0000 1.0000 1.0000 
0 0 0.0000 0.0000 0.0000 0.0024 0.0024 0.0023 0.5560 0.5533 0.5512 1.0000 1.0000 1.0000 
0 3 0.0766 0.0764 0.0762 0.0100 0.0100 0.0099 0.1397 0.1392 0.1388 1.0000 1.0000 1.0000 
0 3 0.0077 0.0073 0.0071 0.0823 0.0818 0.0815 0.3888 0.3876 0.3868 1.0000 1.0000 1.0000 
0 3 0.0428 0.0423 0.0418 0.0308 0.0303 0.0300 0.2280 0.2274 0.2270 1.0000 1.0000 1.0000 
0 5 0.3053 0.3052 0.3051 0.0000 0.0000 0.0000 0.0375 0.0370 0.0366 1.0000 1.0000 1.0000 
0 5 0.0002 0.0002 0.0002 0.0229 0.0227 0.0226 0.2795 0.2782 0.2772 1.0000 1.0000 1.0000 
0 0 0.0000 0.0000 0.0000 0.0000 0.0000 0.0000 0.4449 0.4422 0.4403 1.0000 1.0000 1.0000 
0 0 0.1223 0.1202 0.1187 0.4662 0.4646 0.4633 0.9500 0.9491 0.9484 1.0000 1.0000 1.0000 
0 0 0.1150 0.1119 0.1095 0.5006 0.4993 0.4982 1.0000 1.0000 1.0000 0.7226 0.7220 0.7218 
