usf1162_RMLO_L1_MS_M.jpg 4 0.840023 1 0.794059 0.0264013 0.400681 0.410036 0.0481878 0.444705 0.0383471 0.260725 0.261321 0.279166 0.309246 0.018964 0.311801 0.0384745 0.187262 0.184701 0.185049 0.226014 0.0137261 0.236148 0.0054096 0.252188 0.0230183 0.159657 0.153953 0.150184 0.147052 0.184966 0 0 0 0 0 0
usf1163_RCC_L1_MS_M.jpg 5 0.835323 1 0.822011 0.0405976 0.474596 0.427129 0.151016 0.465893 0.0223033 0.177157 0.29573 0.271935 0.223918 0.071356 0.314868 0.0389854 0.136127 0.129886 0.199869 0.224502 0.0447708 0.178324 0.0227624 0.2519 0.0286812 0.149851 0.111255 0.116701 0.153059 0.196118 0 0 0 0 0 0
usf1190_LMLO_L1_MS_M.jpg 4 0.876195 1 0.790234 0.223362 0.443326 0.594163 0.191356 0.556516 0.0669532 0.249365 0.308308 0.390725 0.27511 0.0635588 0.413963 0.0394708 0.185085 0.193812 0.240907 0.303834 0.0911957 0.233529 0.0446043 0.340602 0.00739764 0.143067 0.147327 0.171053 0.201828 0.231496 0 0 0 0 0 0
usf1192_LCC_L1_CL_M.jpg 4 0.828557 1 0.793057 0.0374119 0.386149 0.35193 0.0288267 0.405039 0.0427472 0.289223 0.243197 0.280308 0.331601 0.0159167 0.310239 0.0172883 0.191453 0.173478 0.175176 0.179455 0.0340722 0.225115 0.0377706 0.234302 0.018587 0.190203 0.151621 0.177455 0.157487 0.170721 0 0 0 0 0 0
usf1196_RCC_L1_CL_M.jpg 5 0.893772 0.919936 0.616155 0.606696 0.219297 1 0.144159 0.82502 0.0612578 0.298362 0.396302 0.490758 0.276238 0.0699083 0.583192 0.0911911 0.131444 0.298263 0.353813 0.261802 0.0589783 0.328384 0.0685315 0.368091 0.00412442 0.164552 0.189507 0.228468 0.21724 0.218812 0 0 0 0 0 0
usf1212_LMLO_L2_CL_M.jpg 5 0.913603 0.943363 0.849486 0.761608 0.775069 1 0.710755 0.836237 0.413727 0.638298 0.661415 0.905201 0.556501 0.562544 0.809866 0.0596309 0.469245 0.482627 0.54266 0.660151 0.379505 0.392264 0.375648 0.713631 0.140966 0.289542 0.297834 0.304659 0.450788 0.380443 0 0 0 0 0 0
usf1213_LCC_L1_CL_M.jpg 4 0.83079 1 0.792566 0.0110788 0.39206 0.398941 0.0285493 0.446724 0.0244788 0.271966 0.263784 0.235622 0.320086 0.0323185 0.292178 0.00183297 0.194613 0.192582 0.176614 0.193649 0.0199327 0.242488 0.0320259 0.24802 0.0304895 0.162052 0.157695 0.164302 0.161255 0.124481 0 0 0 0 0 0
usf1213_LMLO_L1_CL_M.jpg 4 0.823591 1 0.791726 0.0607485 0.379309 0.343665 0.0488881 0.406789 0.00898966 0.309879 0.236416 0.217249 0.356881 0.0178686 0.274754 0.0146886 0.220132 0.210462 0.174589 0.171452 0.00857341 0.25866 0.0192094 0.209676 0.0212246 0.162151 0.165791 0.152412 0.134844 0.151605 0 0 0 0 0 0
usf1214_LMLO_L1_CL_M.jpg 4 0.828215 1 0.791007 0.0407446 0.383708 0.354466 0.0788392 0.406542 0.020432 0.309146 0.23201 0.253664 0.352124 0.0209901 0.298662 0.00950738 0.216184 0.205834 0.18291 0.192359 0.0396319 0.247677 0.00500225 0.235579 0.00112961 0.168794 0.152016 0.150998 0.14982 0.147075 0 0 0 0 0 0
usf1215_LCC_L1_MS_M.jpg 4 0.846311 1 0.782633 0.0501573 0.379374 0.436481 0.0248186 0.452401 0.0356304 0.27461 0.244199 0.304382 0.318466 0.0321844 0.34125 0.0113292 0.191175 0.220153 0.198218 0.223655 0.00923917 0.260159 0.0154378 0.269669 0.00770202 0.158283 0.16098 0.17405 0.168365 0.179237 0 0 0 0 0 0
usf1217_LMLO_L1_MS_M.jpg 4 0.852515 1 0.783662 0.0870657 0.387462 0.473814 0.0156871 0.487626 0.0214951 0.254415 0.276426 0.284541 0.300741 0.0403353 0.3258 0.0616126 0.181879 0.209442 0.200152 0.249346 0.00575886 0.256501 0.0170842 0.261291 0.0441704 0.150102 0.162438 0.149826 0.147757 0.227851 0 0 0 0 0 0
usf1218_RCC_L1_MS_M.jpg 4 0.952366 1 0.703182 0.533274 0.298418 0.888406 0.178337 0.734193 0.0864418 0.332616 0.341991 0.508888 0.319973 0.0958446 0.534184 0.0765327 0.1713 0.307867 0.282796 0.346575 0.074518 0.324903 0.0660239 0.384686 0.160635 0.182037 0.180914 0.281314 0.22082 0.348442 0 0 0 0 0 0
usf1219_RMLO_L1_CL_M.jpg 4 0.906301 1 0.781663 0.375773 0.477562 0.73694 0.34073 0.663629 0.11472 0.391381 0.414865 0.511191 0.376118 0.228942 0.51942 0.00345758 0.254635 0.248453 0.303104 0.332082 0.13614 0.253915 0.0856018 0.387999 0.00653034 0.162602 0.169944 0.17094 0.220551 0.240715 0 0 0 0 0 0
usf1220_RMLO_L1_CL_M.jpg 4 0.884744 1 0.858979 0.353293 0.655777 0.72278 0.509329 0.674194 0.0804286 0.43396 0.458186 0.467901 0.360938 0.262724 0.492977 0.000885763 0.257842 0.19948 0.310628 0.316831 0.15913 0.187758 0.111939 0.368136 0.00507785 0.124096 0.149888 0.12881 0.218221 0.24459 0 0 0 0 0 0
usf1222_RMLO_L1_MS_M.jpg 5 0.87431 1 0.817079 0.236073 0.524284 0.592456 0.336457 0.563887 0.104921 0.336521 0.348968 0.411726 0.320256 0.165843 0.427647 0.0767688 0.219559 0.212157 0.26735 0.340723 0.128673 0.234583 0.0902613 0.366605 0.0280611 0.159553 0.163043 0.150503 0.23596 0.273349 0 0 0 0 0 0
usf1223_LCC_L1_CL_M.jpg 4 0.836081 1 0.795522 0.0105355 0.400884 0.400145 0.0029252 0.437565 0.0256247 0.257811 0.253546 0.274393 0.312836 0.00799841 0.316742 0.0150119 0.197087 0.188872 0.192212 0.205101 0.0101796 0.236439 0.00626728 0.247046 0.0147707 0.142832 0.150898 0.151893 0.155997 0.167051 0 0 0 0 0 0
usf1223_LMLO_L1_CL_M.jpg 4 0.898587 1 0.878543 0.468906 0.737816 0.880766 0.620847 0.791959 0.000953314 0.504206 0.528632 0.542514 0.375564 0.316723 0.631291 0.211079 0.242856 0.206441 0.423128 0.184175 0.118677 0.116115 0.167055 0.34475 0.107719 0.033163 0.0296945 0.0910009 0.268897 0.107122 0 0 0 0 0 0
usf1225_RMLO_L1_CL_M.jpg 4 0.839087 1 0.791691 0.0265795 0.397918 0.42322 0.0316051 0.453682 0.00220374 0.24884 0.259131 0.264196 0.293684 0.0331769 0.309777 0.00848727 0.171587 0.192645 0.176951 0.199561 0.0293519 0.231324 0.0289654 0.245552 0.0112101 0.169755 0.136013 0.182101 0.150301 0.159668 0 0 0 0 0 0
usf1227_LCC_L1_CL_M.jpg 4 0.837186 1 0.790104 0.0147523 0.390136 0.412452 0.0146856 0.449172 0.00828199 0.265918 0.260005 0.269463 0.311128 0.000583353 0.318288 0.000518429 0.183745 0.191215 0.19709 0.196123 0.0229188 0.237735 0.0147752 0.238757 0.000737104 0.170591 0.147066 0.143457 0.142682 0.158149 0 0 0 0 0 0
usf1229_LMLO_L1_MS_M.jpg 5 0.846354 1 0.788387 0.0576232 0.392015 0.440944 0.011285 0.463049 0.0464063 0.259633 0.265994 0.308503 0.309534 0.00737387 0.343633 0.0309224 0.190429 0.189397 0.211154 0.244088 0.00422522 0.236708 0.0151457 0.278766 0.00759023 0.148013 0.147953 0.142632 0.174799 0.1941 0 0 0 0 0 0
usf1235_LMLO_L1_CL_M.jpg 4 0.836211 1 0.791715 0.010037 0.392749 0.407719 0.012248 0.448402 0.00186442 0.264275 0.262271 0.252768 0.311637 0.00332112 0.303277 0.0164763 0.186908 0.189308 0.189449 0.196165 0.00800261 0.237943 0.0247798 0.231476 0.0116115 0.160119 0.149448 0.143818 0.13792 0.156056 0 0 0 0 0 0
usf1236_RMLO_L1_CL_M.jpg 5 0.863176 1 0.79258 0.163533 0.431922 0.54891 0.128989 0.528448 0.0321712 0.205015 0.291409 0.35927 0.243141 0.037844 0.396388 0.0148078 0.151222 0.189833 0.226696 0.243829 0.0737897 0.234093 0.0141197 0.306701 0.0200141 0.159355 0.153169 0.181133 0.187712 0.166565 0 0 0 0 0 0
usf1243_LCC_L1_CL_M.jpg 5 0.846627 1 0.79189 0.0587132 0.401462 0.435312 0.0104879 0.453422 0.0572974 0.243108 0.259444 0.310783 0.295361 0.00635878 0.330522 0.041475 0.181612 0.182476 0.188272 0.255869 0.0186322 0.228815 0.0111378 0.278178 0.0116357 0.148482 0.14464 0.154838 0.158368 0.208859 0 0 0 0 0 0
usf1250_RMLO_L1_CL_M.jpg 4 0.834284 1 0.815827 0.0348982 0.469984 0.436539 0.207387 0.473254 0.0116624 0.265539 0.296189 0.265751 0.294126 0.118404 0.327463 0.0127938 0.198924 0.196623 0.217154 0.186029 0.1095 0.229273 0.0864309 0.244296 0.00627261 0.173198 0.149366 0.159698 0.167029 0.141148 0 0 0 0 0 0
usf1252_RCC_L1_CL_M.jpg 5 0.903448 1 0.741043 0.300076 0.331874 0.652025 0.116282 0.576131 0.108235 0.313142 0.279304 0.425384 0.33443 0.0682908 0.426441 0.114808 0.200902 0.265051 0.224869 0.373503 0.0566663 0.289571 0.0479715 0.379944 0.0573076 0.159752 0.163503 0.213647 0.208486 0.29595 0 0 0 0 0 0
usf1252_RMLO_L1_CL_M.jpg 5 0.913116 1 0.734045 0.346516 0.318069 0.692428 0.0984601 0.607362 0.137756 0.308969 0.306364 0.472564 0.324037 0.040925 0.465349 0.110224 0.178921 0.244368 0.252911 0.395388 0.0454783 0.279315 0.0321302 0.400427 0.0612317 0.181683 0.163629 0.208087 0.224412 0.326157 0 0 0 0 0 0
usf1258_RCC_L2_CL_M.jpg 5 0.839693 1 0.814456 0.0619013 0.460541 0.455372 0.11703 0.476106 0.00247241 0.161707 0.278125 0.27432 0.225036 0.0286716 0.324959 0.00858496 0.151924 0.167627 0.196686 0.207495 0.0547036 0.215808 0.0187137 0.253539 0.0092574 0.126799 0.139908 0.154874 0.158427 0.167414 0 0 0 0 0 0
usf1258_RMLO_L1_MS_M.jpg 5 0.866529 1 0.84088 0.215638 0.586882 0.574937 0.416245 0.546376 0.0856548 0.382488 0.334025 0.382131 0.356979 0.184876 0.397524 0.0810206 0.285665 0.255015 0.23622 0.324926 0.224735 0.282244 0.0844314 0.34362 0.039675 0.218966 0.218392 0.184884 0.210055 0.265312 0 0 0 0 0 0
usf1261_LMLO_L1_CL_M.jpg 4 0.836727 1 0.792194 0.00749906 0.393219 0.394307 0.0105532 0.429317 0.0366464 0.26483 0.243455 0.284637 0.311892 0.0122841 0.322507 0.0131219 0.185937 0.199386 0.194836 0.211166 0.0112749 0.243681 0.0025168 0.25201 0.00620338 0.163669 0.152337 0.150402 0.156823 0.168535 0 0 0 0 0 0
usf1261_RCC_L1_MS_M.jpg 4 0.838584 1 0.809985 0.041907 0.443337 0.426509 0.0901657 0.454629 0.0242682 0.200191 0.265589 0.276665 0.267422 0.0221016 0.319676 0.0307788 0.188108 0.178243 0.195629 0.214455 0.0734011 0.229822 0.0217047 0.249712 0.0336975 0.123646 0.156077 0.150704 0.156447 0.183273 0 0 0 0 0 0
usf1262_LCC_L1_MS_M.jpg 5 0.845518 1 0.784986 0.0510043 0.383668 0.439803 0.0223105 0.461542 0.0325926 0.272485 0.259479 0.3031 0.319555 0.00781707 0.34492 0.00429764 0.195271 0.201009 0.207468 0.215034 0.00847399 0.246857 0.00126799 0.265746 0.00216696 0.153256 0.15522 0.159355 0.167938 0.160901 0 0 0 0 0 0
usf1262_LMLO_L1_MS_M.jpg 5 0.839584 1 0.792189 0.0245608 0.395698 0.411194 0.0215677 0.442244 0.0345918 0.264225 0.253244 0.287488 0.317099 0.011983 0.324758 0.0166546 0.198781 0.192449 0.193682 0.214956 0.00824452 0.239031 0.0149227 0.25459 0.0136837 0.144612 0.151954 0.156658 0.155982 0.176124 0 0 0 0 0 0
usf1263_RMLO_L1_MS_M.jpg 5 0.856996 1 0.776959 0.0975073 0.372548 0.473072 0.0292278 0.477318 0.0643321 0.276262 0.260267 0.334273 0.317187 0.0224297 0.36554 0.0417642 0.188638 0.21273 0.21806 0.256343 0.0103999 0.254709 0.0305023 0.295311 0.0342659 0.15707 0.157386 0.165647 0.189603 0.210992 0 0 0 0 0 0
usf1302_LMLO_L1_CL_B.jpg 4 0.842671 1 0.799001 0.0621479 0.425087 0.464393 0.0999076 0.486888 0.0167751 0.228657 0.283281 0.268934 0.279045 0.0391086 0.327066 0.00894275 0.180183 0.181184 0.197998 0.184044 0.0543382 0.228927 0.0237019 0.236352 0.0213621 0.141988 0.149007 0.163958 0.14628 0.163451 0 0 0 0 0 0
usf1302_RMLO_L1_CL_B.jpg 4 0.904246 0.916911 0.634086 0.677176 0.271131 1 0.0341744 0.769681 0.15308 0.200815 0.346094 0.741647 0.214665 0.0345652 0.750203 0.193395 0.118468 0.237056 0.414342 0.314837 0.0174676 0.250332 0.0405413 0.486835 0.0829331 0.108861 0.131687 0.239451 0.326795 0.189323 0 0 0 0 0 0
usf1305_RCC_L1_MS_B.jpg 4 0.814959 1 0.87671 0.0336415 0.624629 0.333036 0.444765 0.383132 0.0715844 0.427695 0.246565 0.27574 0.426496 0.133538 0.310426 0.0291224 0.358602 0.221825 0.210723 0.18724 0.264654 0.268181 0.0908377 0.223359 0.0440855 0.207423 0.231502 0.131598 0.160164 0.143697 0 0 0 0 0 0
usf1305_RMLO_L1_MS_B.jpg 4 0.857791 1 0.830774 0.171951 0.542381 0.544026 0.328011 0.526372 0.0504726 0.289566 0.320894 0.36568 0.262032 0.182784 0.404117 0.0141562 0.156208 0.256905 0.246732 0.261581 0.0574035 0.276335 0.0896698 0.325788 0.0137995 0.137558 0.191968 0.196723 0.225657 0.202047 0 0 0 0 0 0
usf1316_LMLO_L1_CL_B.jpg 4 0.844391 1 0.798301 0.0750747 0.424025 0.478301 0.067838 0.492746 0.014746 0.204919 0.282334 0.288071 0.261888 0.0214605 0.343386 0.0234183 0.167037 0.178781 0.205025 0.200298 0.010596 0.225169 0.0052506 0.262824 0.0182633 0.122008 0.141451 0.165793 0.169322 0.152342 0 0 0 0 0 0
usf1329_LCC_L1_MS_M.jpg 4 0.842365 1 0.790644 0.0399128 0.3965 0.429936 0.0258743 0.452639 0.014527 0.257183 0.249664 0.272959 0.311852 0.0238289 0.316767 0.0269643 0.199763 0.211253 0.188607 0.217612 0.0223059 0.253191 0.0130308 0.250909 0.010894 0.136256 0.157034 0.159422 0.143014 0.167062 0 0 0 0 0 0
usf1361_LCC_L1_MS_B.jpg 3 0.871551 1 0.758534 0.160947 0.351032 0.542821 0.117059 0.511595 0.0586093 0.310982 0.252361 0.387143 0.32729 0.0534613 0.419701 0.020556 0.178355 0.255481 0.24142 0.247191 0.0495323 0.287332 0.00770214 0.309165 0.0120946 0.195351 0.172346 0.186176 0.189074 0.185663 0 0 0 0 0 0
usf1364_RMLO_L1_CL_B.jpg 4 0.842334 1 0.788793 0.0410072 0.391615 0.433765 0.0533293 0.46162 0.0234475 0.274793 0.26801 0.293259 0.325134 0.0458322 0.336483 0.00586745 0.204977 0.196769 0.206272 0.21935 0.0134524 0.244368 0.0250791 0.266652 0.00814702 0.142148 0.157731 0.148415 0.169549 0.166125 0 0 0 0 0 0
usf1366_LCC_L1_MS_B.jpg 4 0.838189 1 0.792354 0.0190467 0.39518 0.410507 0.0108728 0.446262 0.0190135 0.261887 0.257429 0.269498 0.312534 0.00427968 0.315506 0.0204651 0.192127 0.194057 0.193632 0.203435 0.00547705 0.242273 0.00346596 0.241663 0.0275689 0.150873 0.154568 0.150966 0.151227 0.176622 0 0 0 0 0 0
usf1369_LMLO_L1_MS_B.jpg 4 0.796733 1 0.816742 0.232616 0.465603 0.159284 0.333058 0.18817 0.085897 0.475579 0.138158 0.251874 0.538157 0.527466 0.491212 0.483989 0.505218 0.793202 0.548566 0.433293 0.449489 0.789703 0.438318 0.295452 0.127265 0.387683 0.545716 0.387568 0.351561 0.383482 0 0 0 0 0 0
usf1374_RCC_L1_CL_B.jpg 4 0.832435 1 0.792163 0.00049844 0.391711 0.412355 0.0520601 0.457204 0.0301478 0.288567 0.266556 0.238669 0.345347 0.0494432 0.303509 0.0110403 0.226948 0.22643 0.188582 0.17818 0.0308223 0.292294 0.0248301 0.235814 0.0118335 0.133051 0.217149 0.176779 0.151741 0.136275 0 0 0 0 0 0
usf1375_LCC_L1_MS_B.jpg 4 0.82884 1 0.79646 0.0263542 0.397116 0.370024 0.0289674 0.420454 0.0139919 0.27304 0.248082 0.257443 0.324361 0.0180887 0.303863 0.00220712 0.200967 0.184173 0.185972 0.185269 0.0266198 0.228449 0.00183953 0.232975 0.00184339 0.156275 0.139325 0.150479 0.148903 0.143579 0 0 0 0 0 0
usf1376_LCC_L1_CL_B.jpg 4 0.834671 1 0.797195 0.0145367 0.408503 0.41785 0.0171541 0.45152 0.0137066 0.235461 0.255484 0.258389 0.290192 0.00970457 0.318682 0.0149167 0.180834 0.19966 0.197761 0.177844 0.0155225 0.244062 0.00286144 0.234734 0.000906942 0.141386 0.152542 0.155999 0.152655 0.14561 0 0 0 0 0 0
usf1376_LMLO_L1_CL_B.jpg 4 0.830535 1 0.801642 0.009507 0.413384 0.386176 0.019809 0.429872 0.00560916 0.23738 0.250879 0.252182 0.292894 0.00959105 0.297899 0.0104171 0.180156 0.185402 0.176897 0.199235 0.00807718 0.233183 0.0108729 0.245809 0.00904078 0.153262 0.150042 0.156811 0.155173 0.139463 0 0 0 0 0 0
usf1377_RMLO_L1_CL_B.jpg 4 0.82705 1 0.806968 0.014812 0.425485 0.392572 0.0430556 0.444342 0.0314271 0.221485 0.266027 0.21876 0.282175 0.0144243 0.28556 0.0101796 0.179275 0.176871 0.184764 0.173383 0.00504143 0.22617 0.0145087 0.218185 0.0190941 0.138731 0.143601 0.141764 0.144474 0.152606 0 0 0 0 0 0
usf1378_LMLO_L1_CL_B.jpg 4 0.857594 1 0.779813 0.119878 0.385636 0.514995 0.0280426 0.516328 0.01259 0.249945 0.291041 0.319827 0.296318 0.00939627 0.367606 0.00529605 0.183464 0.192411 0.220617 0.222751 0.0519238 0.24056 0.00485807 0.274742 0.0042613 0.154501 0.150334 0.164495 0.167432 0.182381 0 0 0 0 0 0
usf1379_LMLO_L1_MS_B.jpg 4 0.827597 1 0.8167 0.00840844 0.454596 0.423486 0.0914594 0.472057 0.0564045 0.170964 0.291829 0.213808 0.237889 0.0390908 0.287174 0.00880879 0.155845 0.151731 0.185366 0.161405 0.0293104 0.209918 0.00829327 0.212041 0.0102815 0.12516 0.142829 0.141113 0.137841 0.146547 0 0 0 0 0 0
usf1381_RMLO_L1_MS_B.jpg 4 0.843144 1 0.785407 0.0402783 0.381915 0.433321 0.0221184 0.463522 0.0221154 0.277719 0.268456 0.286569 0.32255 0.00731344 0.332298 0.0135682 0.192094 0.19063 0.204794 0.216453 0.0109491 0.239213 0.00862429 0.262323 0.00259181 0.172115 0.149297 0.145733 0.165322 0.164411 0 0 0 0 0 0
usf1382_RCC_L1_CL_B.jpg 4 0.845971 1 0.821124 0.104698 0.483746 0.487959 0.15569 0.49112 0.0280638 0.147772 0.287324 0.327617 0.221982 0.0630791 0.368233 0.00606582 0.178113 0.167427 0.221861 0.236097 0.094591 0.215146 0.0464932 0.29802 0.0262532 0.103042 0.150059 0.162555 0.195878 0.156911 0 0 0 0 0 0
usf1384_RCC_L1_CL_B.jpg 4 0.835256 1 0.800512 0.0251128 0.416525 0.428474 0.0284356 0.466594 0.000589346 0.222693 0.28052 0.282279 0.277677 0.0245112 0.343924 0.0298598 0.169926 0.166208 0.227344 0.183403 0.024135 0.218377 0.0367065 0.248474 0.0199854 0.14835 0.139529 0.120371 0.170961 0.136665 0 0 0 0 0 0
usf1384_RMLO_L1_CL_B.jpg 4 0.829797 1 0.797026 0.0154977 0.400939 0.388946 0.0320286 0.439657 0.0177429 0.264498 0.25919 0.225901 0.318919 0.0107181 0.284085 0.0212932 0.204604 0.194458 0.178039 0.187741 0.0522166 0.246284 0.00615013 0.224307 0.0199934 0.148401 0.161873 0.153685 0.142749 0.164812 0 0 0 0 0 0
usf1385_LCC_L1_MS_B.jpg 4 0.82648 1 0.810419 0.0348493 0.427388 0.343002 0.0717119 0.401218 0.0526151 0.252019 0.249506 0.257652 0.314501 0.026439 0.286858 0.0478628 0.208291 0.153805 0.173253 0.207165 0.0296092 0.203923 0.0042259 0.227572 0.0547259 0.125039 0.132559 0.135877 0.135629 0.19564 0 0 0 0 0 0
usf1387_LCC_L1_MS_B.jpg 4 0.839735 1 0.805339 0.044254 0.432828 0.433306 0.0638254 0.458597 0.00695778 0.20221 0.260043 0.259946 0.271289 0.00581353 0.307481 0.0421577 0.191461 0.195433 0.184407 0.218807 0.0749528 0.245355 0.00837966 0.251761 0.034066 0.122607 0.165164 0.158719 0.154969 0.183735 0 0 0 0 0 0
usf1387_LMLO_L1_MS_B.jpg 4 0.845686 1 0.80234 0.073559 0.436459 0.466847 0.122216 0.491161 0.00383582 0.220588 0.290534 0.255291 0.26949 0.0389057 0.304778 0.0496162 0.178227 0.167293 0.182402 0.212609 0.0616982 0.211216 0.0380295 0.237802 0.0678959 0.133571 0.126008 0.161257 0.135725 0.202551 0 0 0 0 0 0
usf1392_LCC_L1_CL_B.jpg 4 0.826017 1 0.800228 0.042178 0.405636 0.35376 0.0121621 0.404916 0.0131537 0.251995 0.225634 0.195728 0.304327 0.0302054 0.23986 0.0766232 0.187523 0.216547 0.134999 0.219985 0.0160347 0.254238 0.0422716 0.225879 0.035649 0.14785 0.152738 0.180546 0.125433 0.200565 0 0 0 0 0 0
usf1393_LMLO_L1_CL_B.jpg 4 0.833315 1 0.798878 0.00158771 0.408306 0.393188 0.0159124 0.432254 0.0267664 0.245119 0.254404 0.284271 0.298968 0.0163375 0.323839 0.011593 0.183084 0.175251 0.195729 0.197212 0.0090809 0.222063 0.00574939 0.247268 0.01612 0.153558 0.139698 0.141143 0.153136 0.143962 0 0 0 0 0 0
usf1394_RMLO_L1_MS_B.jpg 4 0.880876 1 0.769559 0.227755 0.378208 0.590483 0.0500315 0.549309 0.13098 0.252292 0.30743 0.483916 0.294337 0.0537788 0.491134 0.0243573 0.176881 0.184724 0.296092 0.327128 0.0197529 0.233634 0.0656286 0.402811 0.0950801 0.15009 0.152132 0.142762 0.264056 0.173 0 0 0 0 0 0
usf1396_LMLO_L1_MS_B.jpg 4 0.866157 1 0.767152 0.124536 0.356103 0.484485 0.0796209 0.474726 0.0985641 0.30534 0.253592 0.352462 0.335056 0.0899356 0.357658 0.0889917 0.192879 0.25112 0.200087 0.304311 0.0399369 0.284037 0.0652764 0.304595 0.0561204 0.182542 0.174596 0.19569 0.162691 0.266031 0 0 0 0 0 0
usf1397_LCC_L1_MS_B.jpg 4 0.860774 1 0.756299 0.0779293 0.323708 0.439853 0.130127 0.435583 0.104231 0.371923 0.215512 0.351609 0.392268 0.114061 0.354021 0.0645784 0.226166 0.291894 0.181892 0.284747 0.0187274 0.321745 0.054757 0.305572 0.0397101 0.186191 0.20579 0.225765 0.183605 0.24335 0 0 0 0 0 0
usf1399_RMLO_L1_MS_M.jpg 4 0.844583 1 0.786537 0.0482419 0.388149 0.439976 0.00915998 0.462947 0.0157115 0.25933 0.260214 0.28104 0.304688 0.0070746 0.32455 0.0142115 0.181816 0.198155 0.188719 0.208789 0.0172738 0.241244 0.0184261 0.253247 0.0179392 0.15702 0.147578 0.171127 0.153332 0.167761 0 0 0 0 0 0
usf1400_LMLO_L1_CL_M.jpg 4 0.864018 0.881605 0.766641 0.753615 0.676125 1 0.604528 0.810467 0.331534 0.528827 0.597085 0.866029 0.44552 0.47819 0.78088 0.037706 0.358896 0.394541 0.479958 0.586108 0.272578 0.302455 0.267823 0.669424 0.221279 0.18911 0.206378 0.195348 0.41139 0.294637 0 0 0 0 0 0
usf1406_LMLO_L1_CL_B.jpg 4 0.835329 1 0.791621 0.00331524 0.390516 0.397729 0.0150526 0.438248 0.0137686 0.273821 0.25281 0.260682 0.323802 0.00615606 0.306436 0.0216448 0.199158 0.198189 0.187168 0.208713 0.00373804 0.246862 0.0126014 0.247261 0.00779546 0.156193 0.158375 0.153069 0.154936 0.165937 0 0 0 0 0 0
usf1408_LCC_L1_MS_B.jpg 4 0.841608 1 0.800186 0.039844 0.418366 0.41506 0.0516356 0.44106 0.0588115 0.22857 0.258679 0.303723 0.284953 0.0255811 0.325136 0.0345753 0.179441 0.167304 0.18755 0.238489 0.0190976 0.211662 0.0117281 0.264268 0.0146458 0.136902 0.131462 0.148376 0.151664 0.186216 0 0 0 0 0 0
usf1411_RCC_L1_MS_B.jpg 4 0.905611 1 0.787293 0.37097 0.473552 0.708546 0.27927 0.622327 0.177965 0.299844 0.352709 0.548379 0.29422 0.134237 0.535895 0.0549789 0.197621 0.216101 0.322421 0.424511 0.110016 0.247527 0.0930008 0.465052 0.0453572 0.146485 0.160416 0.146165 0.291958 0.282378 0 0 0 0 0 0
usf1412_RCC_L1_MS_B.jpg 4 0.843417 1 0.78938 0.0414163 0.392669 0.427614 0.0138172 0.453348 0.0287089 0.258797 0.255692 0.281881 0.307888 0.0104684 0.322648 0.0309116 0.188204 0.199083 0.193001 0.21943 0.00785433 0.242951 0.00404479 0.255019 0.0247562 0.150388 0.150293 0.156321 0.154177 0.17764 0 0 0 0 0 0
usf1414_RCC_L1_MS_B.jpg 4 0.852225 1 0.789203 0.0947526 0.403174 0.484016 0.0437613 0.497586 0.0104999 0.231606 0.286015 0.277518 0.281981 0.0176413 0.320869 0.0574877 0.174382 0.181789 0.187632 0.241678 0.00331171 0.226012 0.0186696 0.265026 0.0534512 0.134543 0.135369 0.175509 0.158924 0.226141 0 0 0 0 0 0
usf1416_RMLO_L1_MS_M.jpg 5 0.827223 1 0.815495 0.00732815 0.446334 0.390998 0.0831913 0.44536 0.00393392 0.201441 0.280893 0.24001 0.266068 0.0452968 0.294316 0.0120799 0.177131 0.145694 0.188419 0.181672 0.0610582 0.203664 0.0176245 0.221396 0.0278388 0.140068 0.139517 0.130131 0.140236 0.165705 0 0 0 0 0 0
usf1417_RMLO_L1_MS_M.jpg 5 0.838653 1 0.792678 0.0220993 0.396647 0.412642 0.00808329 0.446459 0.0232018 0.259001 0.257306 0.27687 0.310769 0.00299627 0.320951 0.0186512 0.192442 0.190048 0.197097 0.212255 0.00747086 0.235557 0.00497268 0.252899 0.00991685 0.147767 0.14612 0.146283 0.159229 0.168204 0 0 0 0 0 0
usf1418_RCC_L1_MS_B.jpg 4 0.724199 0.612413 0.373227 0.910527 0.133356 0.87324 0.0488185 0.514429 0.727266 0.136477 0.17142 1 0.131645 0.110126 0.678969 0.315334 0.0637926 0.179073 0.225706 0.825464 0.0205877 0.144278 0.149671 0.703674 0.082195 0.0751156 0.0499904 0.268127 0.282708 0.583514 0 0 0 0 0 0
usf1423_LMLO_L1_MS_B.jpg 4 0.82726 1 0.804757 0.0216135 0.417145 0.379107 0.0208318 0.434447 0.0109983 0.240217 0.265033 0.224521 0.301597 0.0187729 0.276579 0.027223 0.195024 0.168624 0.170348 0.196094 0.0180072 0.220987 0.0132828 0.232121 0.00445079 0.128971 0.142315 0.146095 0.142946 0.147805 0 0 0 0 0 0
usf1424_RCC_L1_MS_B.jpg 5 0.875499 1 0.764144 0.205912 0.369291 0.605005 0.093552 0.573279 0.00403971 0.271476 0.30233 0.364391 0.301829 0.0536842 0.435243 0.0365365 0.179974 0.243252 0.273772 0.213197 0.043973 0.2832 0.0352921 0.304795 0.00391458 0.155395 0.174204 0.188103 0.224325 0.151121 0 0 0 0 0 0
usf1427_LCC_L1_CL_B.jpg 4 0.813468 1 0.828544 0.0669649 0.474747 0.343297 0.129422 0.39523 0.0922599 0.173459 0.197202 0.135899 0.253583 0.128737 0.259566 0.134056 0.209594 0.329203 0.241351 0.242246 0.118018 0.371788 0.124914 0.229153 0.0225995 0.0727336 0.261783 0.0842417 0.131966 0.12525 0 0 0 0 0 0
usf1427_LMLO_L1_CL_B.jpg 4 0.818621 1 0.806204 0.0810144 0.419486 0.311159 0.132272 0.372735 0.0130594 0.297358 0.214671 0.220193 0.337297 0.06605 0.258885 0.0263197 0.208691 0.217419 0.145555 0.183228 0.044222 0.255258 0.0359996 0.215803 0.0133139 0.16183 0.163112 0.172763 0.128171 0.143764 0 0 0 0 0 0
usf1428_RCC_L1_MS_B.jpg 4 0.832818 1 0.795827 0.00242845 0.401002 0.397145 0.00792088 0.438878 0.00595583 0.25435 0.251777 0.243651 0.307123 0.00916249 0.296927 0.0154742 0.190876 0.1987 0.181633 0.192996 0.00980464 0.24416 0.00698013 0.233093 0.0119622 0.144136 0.153055 0.157339 0.145192 0.159851 0 0 0 0 0 0
usf1431_RMLO_L1_CL_B.jpg 4 0.869939 1 0.761676 0.16318 0.353086 0.554253 0.0644864 0.53216 0.0228836 0.286476 0.279033 0.343907 0.316637 0.0407149 0.382435 0.0119935 0.183281 0.229564 0.209914 0.259034 0.0106323 0.262708 0.0368554 0.31605 0.00146201 0.154952 0.151443 0.219121 0.204161 0.198473 0 0 0 0 0 0
usf1433_RCC_L1_CL_B.jpg 2 0.862781 1 0.797093 0.172022 0.449027 0.568811 0.160229 0.546361 0.0141318 0.195222 0.291722 0.311902 0.2344 0.0136921 0.369579 0.0231611 0.168487 0.212424 0.221995 0.252428 0.104819 0.25123 0.0287724 0.300349 0.00667243 0.139626 0.152469 0.183525 0.193349 0.200044 0 0 0 0 0 0
usf1434_RMLO_L1_MS_B.jpg 4 0.895196 1 0.791992 0.310909 0.471635 0.649848 0.254076 0.572624 0.1404 0.270958 0.296961 0.465168 0.281951 0.0937131 0.461132 0.0871194 0.217503 0.244966 0.253662 0.360294 0.176194 0.290172 0.0514377 0.379634 0.0762005 0.204723 0.219605 0.208312 0.221794 0.314007 0 0 0 0 0 0
usf1437_LCC_L1_MS_B.jpg 3 0.840533 1 0.792654 0.0359266 0.399026 0.429976 0.00511282 0.462434 0.0158749 0.249413 0.270177 0.28147 0.299457 0.0209911 0.333414 0.00374994 0.181444 0.185415 0.210427 0.198231 0.00607942 0.233539 0.0286437 0.249174 0.0126373 0.153141 0.146885 0.149748 0.164467 0.156605 0 0 0 0 0 0
usf1438_LCC_L1_CL_B.jpg 4 0.839068 1 0.791345 0.0261105 0.394706 0.421837 0.0067816 0.454196 0.00745192 0.260779 0.26013 0.26827 0.313292 0.00345388 0.317245 0.0114534 0.196108 0.195746 0.193285 0.204202 0.0078199 0.243604 0.00134254 0.248268 0.00357503 0.143307 0.155662 0.153282 0.15422 0.155072 0 0 0 0 0 0
usf1438_LMLO_L1_CL_B.jpg 4 0.838198 1 0.788643 0.0145256 0.38563 0.40627 0.0349038 0.442982 0.0289215 0.279067 0.255823 0.287799 0.323763 0.0181748 0.335693 0.00830383 0.193863 0.191049 0.208129 0.18445 0.0261177 0.234782 0.00815417 0.238836 0.02204 0.168411 0.142781 0.150243 0.155694 0.158022 0 0 0 0 0 0
usf1445_LCC_L1_MS_B.jpg 3 0.840123 1 0.788411 0.0526952 0.391972 0.4785 0.00726861 0.512194 0.0440323 0.265352 0.307486 0.290296 0.324674 0.0329061 0.387389 0.100824 0.215984 0.171175 0.273014 0.130103 0.0368866 0.232973 0.074504 0.245552 0.0503909 0.12065 0.161471 0.123196 0.207205 0.0725541 0 0 0 0 0 0
usf1446_LCC_L1_CL_B.jpg 2 0.849482 1 0.775031 0.0644719 0.361264 0.457677 0.0528678 0.476978 0.0332787 0.310683 0.272548 0.320899 0.354752 0.039171 0.364005 0.0173381 0.220797 0.20207 0.221665 0.212113 0.0174255 0.250631 0.0121971 0.272115 0.0151437 0.149586 0.16141 0.149469 0.173241 0.15041 0 0 0 0 0 0
usf1447_RMLO_L1_MS_B.jpg 3 0.904664 1 0.830848 0.421428 0.581156 0.758342 0.371039 0.662071 0.164449 0.268991 0.397686 0.560693 0.240053 0.16778 0.54927 0.0289073 0.2139 0.166724 0.322432 0.406295 0.180494 0.202611 0.0732016 0.461549 0.0447555 0.152903 0.168899 0.131168 0.287185 0.255788 0 0 0 0 0 0
usf1448_LMLO_L1_CL_B.jpg 4 0.911818 0.972607 0.823883 0.625563 0.67191 1 0.554475 0.853093 0.08032 0.443638 0.552578 0.671179 0.32481 0.326276 0.731389 0.196507 0.204727 0.21165 0.477453 0.282038 0.0963428 0.118987 0.180261 0.449404 0.141028 0.0453235 0.0287037 0.0583431 0.335016 0.136474 0 0 0 0 0 0
usf1449_LCC_L1_CL_B.jpg 4 0.849341 1 0.785636 0.0733365 0.392691 0.461395 0.0333576 0.470278 0.0272327 0.244531 0.255344 0.307996 0.28739 0.0202534 0.347334 0.00579221 0.168383 0.210034 0.202195 0.22197 0.0396821 0.248874 0.0155006 0.268284 0.00500426 0.165184 0.149613 0.172816 0.16335 0.173576 0 0 0 0 0 0
usf1449_LMLO_L1_CL_B.jpg 4 0.85449 1 0.789712 0.116525 0.413029 0.514405 0.0897597 0.511654 0.00185674 0.233367 0.279419 0.313234 0.288897 0.0177689 0.374037 0.0206271 0.198208 0.207957 0.2373 0.201209 0.0662081 0.248951 0.0270189 0.258149 0.00266261 0.122054 0.149539 0.14682 0.165144 0.161491 0 0 0 0 0 0
usf1450_LCC_L1_MS_B.jpg 3 0.838162 1 0.794454 0.0236825 0.40236 0.417143 0.0210521 0.449323 0.0131194 0.246552 0.256655 0.27329 0.297646 0.00838011 0.322625 0.0067902 0.181776 0.193586 0.198114 0.198102 0.00875661 0.238699 0.00339344 0.24514 0.0125462 0.149717 0.149279 0.14973 0.154803 0.160267 0 0 0 0 0 0
usf1450_LMLO_L1_MS_B.jpg 3 0.831795 1 0.795457 0.00957772 0.397691 0.389113 0.0075905 0.43631 0.000386113 0.263407 0.256013 0.244762 0.314558 0.00620338 0.297644 0.0172113 0.19328 0.189722 0.186607 0.193627 0.00830891 0.236514 0.00353161 0.233189 0.00923781 0.15258 0.146572 0.146432 0.147193 0.153624 0 0 0 0 0 0
usf1452_RCC_L1_CL_B.jpg 4 0.831584 1 0.798399 0.00568254 0.407016 0.393762 0.0307029 0.437739 0.00168438 0.245287 0.255619 0.251783 0.29486 0.0171949 0.306616 0.00120575 0.175802 0.187977 0.192284 0.180518 0.0152372 0.23442 0.0182878 0.22851 0.00764766 0.161857 0.147661 0.141681 0.144372 0.144213 0 0 0 0 0 0
usf1453_LMLO_L1_MS_B.jpg 4 0.845022 1 0.793749 0.0437539 0.403488 0.412744 0.0284275 0.431913 0.0621468 0.249484 0.237259 0.289252 0.307182 0.0413634 0.305418 0.0763341 0.199265 0.213732 0.164674 0.255289 0.0277342 0.257548 0.0415362 0.265968 0.0576936 0.131324 0.169729 0.181557 0.148382 0.223629 0 0 0 0 0 0
usf1455_LMLO_L1_CL_B.jpg 4 0.840469 1 0.782917 0.0240156 0.374771 0.42199 0.0317971 0.453727 0.0118603 0.283704 0.254804 0.279547 0.320048 0.0184723 0.330201 0.00199171 0.180323 0.216641 0.204142 0.202838 0.0317114 0.265254 0.00580684 0.25482 0.0114347 0.187055 0.168425 0.154277 0.161048 0.14876 0 0 0 0 0 0
usf1456_RCC_L1_MS_B.jpg 4 0.853662 1 0.777376 0.0821761 0.372409 0.462615 0.028167 0.465554 0.0495559 0.278261 0.243425 0.322305 0.321456 0.0393801 0.356363 0.0365513 0.195369 0.233779 0.211995 0.258101 0.0149661 0.269976 0.0309355 0.294534 0.0083727 0.152996 0.162861 0.170189 0.183739 0.202522 0 0 0 0 0 0
usf1457_RMLO_L1_MS_B.jpg 4 0.837892 1 0.795503 0.0194067 0.404096 0.407672 0.0124195 0.437824 0.0211891 0.245095 0.244476 0.270382 0.299068 0.016291 0.312965 0.0251953 0.186733 0.204852 0.187549 0.210819 0.00748997 0.247329 0.00915225 0.245849 0.0221518 0.139391 0.15362 0.159101 0.150465 0.180473 0 0 0 0 0 0
usf1459_LCC_L1_MS_B.jpg 4 0.852177 1 0.831115 0.178539 0.532513 0.604468 0.243521 0.581225 0.160853 0.0465274 0.300726 0.1761 0.059519 0.0906729 0.302928 0.0966145 0.0946516 0.286083 0.222879 0.248238 0.111988 0.333287 0.0816032 0.27535 0.0350498 0.112813 0.237703 0.188471 0.200726 0.213212 0 0 0 0 0 0
usf1459_LMLO_L1_MS_B.jpg 4 0.82576 0.834971 0.718604 0.75955 0.629151 1 0.567169 0.817858 0.309939 0.509203 0.596224 0.85453 0.448803 0.465548 0.811632 0.0890875 0.388871 0.388384 0.536711 0.517368 0.333163 0.318357 0.309344 0.661974 0.24045 0.284906 0.252868 0.213166 0.475489 0.188052 0 0 0 0 0 0
usf1461_LMLO_L1_CL_B.jpg 4 0.837199 1 0.79608 0.0106816 0.408235 0.396366 0.112761 0.437649 0.0208076 0.28078 0.260808 0.242481 0.320891 0.0887566 0.280709 0.0739394 0.198792 0.213043 0.168822 0.226632 0.0538214 0.244765 0.0616147 0.234346 0.0655078 0.159044 0.143601 0.182536 0.134003 0.219416 0 0 0 0 0 0
usf1470_LCC_L1_CL_M.jpg 4 0.871095 1 0.769512 0.181313 0.379671 0.572368 0.100094 0.541014 0.0141529 0.268048 0.278366 0.343733 0.302314 0.0377988 0.383643 0.0173029 0.184007 0.241024 0.214566 0.266892 0.0141011 0.280548 0.0286084 0.310059 0.00758932 0.137315 0.174638 0.208981 0.188117 0.228988 0 0 0 0 0 0
usf1470_LMLO_L1_MS_B.jpg 3 0.81976 1 0.817688 0.0350469 0.444636 0.385774 0.0643012 0.464849 0.07212 0.204007 0.307894 0.154681 0.27365 0.058801 0.239267 0.0545828 0.185825 0.141877 0.179097 0.166984 0.0626288 0.211346 0.0504564 0.177321 0.0798305 0.137697 0.148807 0.126565 0.112025 0.215239 0 0 0 0 0 0
usf1473_RMLO_L1_MS_B.jpg 4 0.836884 1 0.792254 0.0106931 0.39242 0.401857 0.0121549 0.442376 0.0202186 0.271331 0.258159 0.263581 0.322566 0.0093118 0.310046 0.0280229 0.199556 0.190714 0.192719 0.206387 0.00824874 0.238308 0.00565059 0.24206 0.0248469 0.154548 0.148688 0.145358 0.150477 0.17261 0 0 0 0 0 0
usf1474_LCC_L1_CL_B.jpg 4 0.864517 1 0.79446 0.166369 0.434465 0.541931 0.103692 0.510898 0.0314305 0.181281 0.252945 0.328422 0.248912 0.0569525 0.375822 0.0835866 0.192278 0.256639 0.252547 0.315408 0.089146 0.284127 0.0792481 0.321106 0.0150415 0.068617 0.160263 0.111485 0.167587 0.20985 0 0 0 0 0 0
usf1476_LMLO_L1_MS_B.jpg 4 0.824436 1 0.799812 0.0421532 0.402403 0.362861 0.00376442 0.422795 0.0130154 0.261899 0.253666 0.224412 0.31282 0.0109286 0.283103 0.0134741 0.189433 0.183148 0.183677 0.185821 0.00813093 0.229871 0.0120293 0.226221 0.00134577 0.16108 0.141451 0.129221 0.144337 0.150895 0 0 0 0 0 0
usf1479_LCC_L1_CL_B.jpg 4 0.835297 1 0.796573 0.0132387 0.405572 0.413771 0.0169762 0.455411 0.0125095 0.240194 0.267679 0.236959 0.29077 0.0239308 0.293475 0.0289573 0.175614 0.188105 0.182417 0.195074 0.00702536 0.234993 0.0189065 0.227743 0.0348874 0.149402 0.146691 0.157507 0.139229 0.179494 0 0 0 0 0 0
usf1481_LCC_L1_MS_B.jpg 3 0.947556 0.986667 0.92535 0.782611 0.878278 1 0.831944 0.878755 0.501445 0.776478 0.774574 0.933012 0.712852 0.713306 0.827852 0.211673 0.64333 0.649691 0.641456 0.779895 0.569443 0.575439 0.551862 0.770314 0.0162322 0.492564 0.49681 0.493687 0.528807 0.564766 0 0 0 0 0 0
usf1482_RCC_L1_CL_B.jpg 4 0.842229 1 0.786211 0.0430551 0.386718 0.44736 0.0186431 0.476827 0.0151403 0.262414 0.273702 0.258567 0.306827 0.0110158 0.315449 0.0107672 0.18226 0.198612 0.192694 0.204409 0.011721 0.247556 0.00417186 0.249996 0.00184949 0.160274 0.156502 0.1594 0.15482 0.158555 0 0 0 0 0 0
usf1483_LMLO_L1_MS_B.jpg 4 0.854032 1 0.78373 0.0794419 0.384181 0.44124 0.0238017 0.450437 0.0935806 0.271683 0.251734 0.33085 0.319946 0.0164444 0.332608 0.0811905 0.196592 0.195114 0.179662 0.293174 0.0169565 0.241137 0.0317339 0.297476 0.0329571 0.154861 0.154817 0.165876 0.157943 0.240134 0 0 0 0 0 0
usf1484_LMLO_L1_CL_B.jpg 4 0.868271 1 0.77532 0.164509 0.384879 0.544775 0.0227275 0.522807 0.0406729 0.235946 0.283278 0.345943 0.282504 0.022412 0.367246 0.0274256 0.176057 0.197243 0.195179 0.267204 0.0422303 0.237503 0.0296573 0.298211 0.0155749 0.132912 0.144061 0.183578 0.156652 0.21572 0 0 0 0 0 0
usf1487_RCC_L1_CL_M.jpg 4 0.839568 1 0.787087 0.0251643 0.386153 0.424307 0.027149 0.454209 0.00160336 0.268449 0.255393 0.270195 0.312793 0.0104819 0.320487 0.00376337 0.18728 0.200753 0.189556 0.192483 0.0304534 0.242937 0.015887 0.244708 0.00955288 0.162317 0.148617 0.171361 0.155948 0.161995 0 0 0 0 0 0
usf1487_RMLO_L1_CL_M.jpg 4 0.832846 1 0.796472 0.0025408 0.40106 0.394466 0.0166452 0.43826 0.00457248 0.263754 0.257804 0.253043 0.321777 0.00816148 0.301717 0.00993766 0.20828 0.182767 0.184529 0.191061 0.0209753 0.231145 0.00750522 0.230653 0.0134863 0.132018 0.147692 0.147268 0.13934 0.161477 0 0 0 0 0 0
usf1490_RMLO_L1_CL_M.jpg 4 0.822519 1 0.815901 0.0319346 0.439498 0.362568 0.0482409 0.416138 0.0240216 0.228252 0.255063 0.275524 0.310057 0.0278024 0.320679 0.0101512 0.223626 0.167862 0.204034 0.212122 0.0534927 0.227701 0.020919 0.273447 0.0491451 0.102222 0.164394 0.128788 0.19103 0.144247 0 0 0 0 0 0
usf1492_LCC_L1_CL_B.jpg 4 0.835267 1 0.795314 0.00889091 0.400959 0.404154 0.0198198 0.441746 0.00739627 0.258565 0.253504 0.260724 0.314649 0.0100075 0.310262 0.00874802 0.201238 0.197683 0.188723 0.191941 0.0168651 0.246993 0.00450766 0.236284 0.0175612 0.135097 0.161627 0.158014 0.149108 0.161419 0 0 0 0 0 0
usf1493_LCC_L1_CL_B.jpg 4 0.844663 1 0.788406 0.0427848 0.389666 0.420651 0.0114628 0.44267 0.0560114 0.268167 0.248086 0.30502 0.319199 0.0111725 0.330767 0.0361054 0.198688 0.199421 0.192416 0.241221 0.00641469 0.243832 0.00613492 0.269154 0.0155592 0.14701 0.15317 0.157841 0.158087 0.192292 0 0 0 0 0 0
usf1493_LMLO_L1_CL_B.jpg 4 0.834287 1 0.795023 0.0172832 0.403281 0.431469 0.0437934 0.471209 0.0363882 0.25721 0.277336 0.247274 0.31488 0.0286908 0.318714 0.0243576 0.206605 0.189179 0.204919 0.171009 0.0271082 0.242275 0.0119768 0.236232 0.00860099 0.121637 0.161315 0.143035 0.161915 0.140234 0 0 0 0 0 0
usf1495_RCC_L1_CL_B.jpg 4 0.823813 1 0.811246 0.0255338 0.433939 0.38334 0.0508398 0.439728 0.0286894 0.205673 0.269532 0.225424 0.264213 0.0322522 0.289816 0.00856014 0.160369 0.169076 0.187315 0.169618 0.0132891 0.222689 0.0167989 0.22122 0.00724459 0.149754 0.146544 0.135645 0.14356 0.136102 0 0 0 0 0 0
usf1496_LCC_L1_CL_B.jpg 2 0.851843 1 0.788586 0.0899125 0.402195 0.474471 0.0579396 0.482119 0.0372927 0.239341 0.27033 0.320459 0.286968 0.00831898 0.357848 0.00527851 0.175615 0.185812 0.207442 0.221315 0.0205963 0.228683 0.0231661 0.273293 0.0228598 0.14296 0.141614 0.172964 0.171034 0.182539 0 0 0 0 0 0
usf1497_RCC_L1_CL_B.jpg 4 0.88554 1 0.754309 0.254544 0.352921 0.658948 0.0623943 0.614096 0.0158387 0.265623 0.32531 0.36107 0.297254 0.0234984 0.430895 0.0196726 0.177098 0.231923 0.260381 0.228883 0.0181485 0.276647 0.0117742 0.304512 0.0300762 0.136752 0.171679 0.200842 0.202863 0.202403 0 0 0 0 0 0
usf1497_RMLO_L1_CL_B.jpg 4 0.78951 0.713726 0.477951 0.828501 0.216518 0.824038 0.060169 0.500986 0.751353 0.15047 0.188334 1 0.161933 0.0919324 0.64968 0.357723 0.0893909 0.163271 0.202354 0.908942 0.0180627 0.152973 0.16477 0.749698 0.0111932 0.0964595 0.0818573 0.264668 0.27928 0.638045 0 0 0 0 0 0
usf1498_LMLO_L1_MS_B.jpg 4 0.834916 1 0.797136 0.00139976 0.403912 0.379318 0.0524898 0.418337 0.0491508 0.261454 0.240409 0.280107 0.309658 0.00852719 0.310033 0.0367079 0.186751 0.194012 0.184999 0.227416 0.00748174 0.240973 0.0123177 0.257137 0.00985636 0.158907 0.154658 0.143704 0.153465 0.170516 0 0 0 0 0 0
usf1499_RCC_L1_MS_M.jpg 4 0.841864 1 0.787145 0.0339641 0.38621 0.425842 0.015043 0.453474 0.0212615 0.269268 0.254438 0.284494 0.31654 0.0124877 0.332236 0.0114153 0.193126 0.20411 0.204455 0.211739 0.00414689 0.247345 0.0106618 0.261015 0.00144565 0.150837 0.152647 0.150271 0.167136 0.155207 0 0 0 0 0 0
usf1500_LMLO_L1_MS_B.jpg 4 0.911088 0.918966 0.862785 0.853801 0.827074 0.985458 0.793248 0.85466 0.653215 0.753715 0.769662 1 0.708812 0.71842 0.853439 0.361873 0.659368 0.665192 0.703378 0.90085 0.605937 0.606805 0.637808 0.818238 0.115012 0.549149 0.54636 0.582575 0.598828 0.741905 0 0 0 0 0 0
usf1501_RMLO_L1_MS_M.jpg 4 0.842403 1 0.78983 0.0379161 0.393024 0.425527 0.0100215 0.452334 0.0289435 0.259238 0.25631 0.285527 0.308528 0.0083216 0.325923 0.0234099 0.188284 0.196743 0.194762 0.218983 0.00856717 0.241751 0.0115216 0.258493 0.017932 0.153022 0.15119 0.158179 0.159497 0.176629 0 0 0 0 0 0
usf1503_RCC_L1_CL_M.jpg 4 0.839171 1 0.785594 0.0226821 0.382227 0.424176 0.049434 0.453793 0.00278928 0.285074 0.252631 0.270712 0.33257 0.0400423 0.325179 0.0140184 0.208963 0.218315 0.196317 0.186723 0.0327371 0.262242 0.0418644 0.245744 0.00494071 0.145387 0.167257 0.180919 0.158989 0.142435 0 0 0 0 0 0
usf1504_RMLO_L1_MS_M.jpg 5 0.878604 1 0.820358 0.271923 0.53276 0.635942 0.300686 0.575529 0.0868164 0.241281 0.317429 0.445439 0.243454 0.0473004 0.45162 0.00750228 0.199695 0.154729 0.242986 0.304643 0.141893 0.205714 0.0188459 0.359726 0.0162801 0.131896 0.156714 0.186326 0.209853 0.233297 0 0 0 0 0 0
usf1505_LCC_L1_CL_M.jpg 4 0.863619 1 0.772937 0.140711 0.368745 0.524904 0.0615817 0.528325 0.0636229 0.296646 0.321584 0.374495 0.344063 0.0835595 0.405846 0.00736303 0.219535 0.161704 0.254399 0.255958 0.0246266 0.209869 0.0519069 0.307566 0.0232674 0.139504 0.13221 0.114323 0.189445 0.180604 0 0 0 0 0 0
usf1505_LMLO_L1_CL_M.jpg 4 0.842436 1 0.791503 0.0471446 0.401336 0.443083 0.0914676 0.4694 0.0124 0.279189 0.26612 0.286203 0.331521 0.0251538 0.341825 0.00915124 0.219998 0.216581 0.219573 0.213146 0.045036 0.274384 0.0195694 0.265357 0.00645673 0.118403 0.192223 0.14782 0.183791 0.170448 0 0 0 0 0 0
usf1506_LCC_L1_CL_M.jpg 4 0.842628 1 0.79516 0.0618751 0.408824 0.467925 0.0232822 0.500311 0.014183 0.234668 0.304257 0.277115 0.293584 0.0388723 0.34834 0.0213928 0.189957 0.15962 0.235308 0.169501 0.0400748 0.217693 0.0426735 0.229226 0.0336137 0.141154 0.144521 0.118943 0.160479 0.168767 0 0 0 0 0 0
usf1512_LCC_L1_MS_B.jpg 3 0.938693 1 0.885174 0.659711 0.777144 0.990409 0.688213 0.844416 0.228677 0.593368 0.605743 0.778167 0.486631 0.451508 0.770539 0.102639 0.374397 0.356634 0.492763 0.429003 0.263128 0.257723 0.224273 0.565099 0.157429 0.157022 0.150207 0.107809 0.395223 0.191685 0 0 0 0 0 0
usf1512_RMLO_L1_MS_M.jpg 4 0.841913 1 0.790425 0.0462908 0.397088 0.448084 0.0106169 0.476815 0.00767406 0.246822 0.277273 0.267627 0.295904 0.0255589 0.321488 0.00695633 0.17951 0.191607 0.20022 0.206732 0.0127851 0.241428 0.0337916 0.247892 0.000990614 0.148471 0.153525 0.15699 0.151081 0.169375 0 0 0 0 0 0
usf1513_LCC_L1_CL_B.jpg 4 0.833204 1 0.803512 0.00905222 0.420908 0.404135 0.0322747 0.442832 0.00508141 0.223947 0.259022 0.258589 0.285403 0.00875009 0.306981 0.0130518 0.184032 0.183026 0.188437 0.203649 0.0186337 0.231825 0.0149179 0.246006 0.00275638 0.129327 0.14898 0.150252 0.154334 0.152896 0 0 0 0 0 0
usf1514_LCC_L1_MS_B.jpg 4 0.837755 1 0.792792 0.0166135 0.396798 0.407398 0.0111504 0.441057 0.0197555 0.256948 0.251772 0.270344 0.306148 0.0083028 0.311377 0.0194123 0.184787 0.194725 0.184465 0.208977 0.00955558 0.239689 0.0105714 0.246018 0.0150646 0.158874 0.149822 0.159948 0.149127 0.172226 0 0 0 0 0 0
usf1514_LMLO_L1_MS_B.jpg 4 0.856965 1 0.825751 0.191582 0.536383 0.629765 0.277823 0.61553 0.159627 0.123494 0.34475 0.186593 0.0845318 0.112243 0.287069 0.047288 0.130537 0.253104 0.155396 0.199397 0.187892 0.298409 0.0922269 0.25999 0.107609 0.210927 0.220972 0.28542 0.209324 0.277448 0 0 0 0 0 0
usf1515_RCC_L1_MS_B.jpg 4 0.844565 1 0.798031 0.0585592 0.41414 0.43875 0.0526923 0.46839 0.051428 0.239793 0.28555 0.303931 0.297112 0.0365365 0.335711 0.0408405 0.190023 0.155967 0.20974 0.243131 0.0191247 0.210964 0.0296123 0.26667 0.0226327 0.136726 0.135954 0.128401 0.157967 0.203705 0 0 0 0 0 0
usf1515_RMLO_L1_MS_B.jpg 4 0.871111 1 0.795471 0.201196 0.442734 0.572683 0.102468 0.535298 0.0411534 0.141524 0.284708 0.34783 0.21262 0.0375076 0.371568 0.047096 0.161206 0.193789 0.198186 0.267857 0.0867523 0.227071 0.0684785 0.292639 0.0646816 0.118623 0.135845 0.211932 0.163293 0.25043 0 0 0 0 0 0
usf1518_LCC_L1_MS_B.jpg 4 0.835803 1 0.792124 0.00242335 0.393059 0.393162 0.0171524 0.428261 0.0143353 0.268493 0.237714 0.256719 0.32041 0.0247955 0.299875 0.0185655 0.200488 0.209583 0.172684 0.1902 0.0145147 0.251931 0.0360627 0.229656 0.0359584 0.145738 0.15936 0.178021 0.13978 0.167371 0 0 0 0 0 0
usf1527_LCC_L1_MS_M.jpg 4 0.842975 1 0.789978 0.032955 0.391549 0.410851 0.0172503 0.43912 0.0465311 0.26569 0.247572 0.278454 0.314485 0.014503 0.307737 0.0624277 0.191269 0.200296 0.177451 0.23945 0.0134455 0.242835 0.0166861 0.258386 0.0431227 0.160751 0.148704 0.1655 0.150457 0.200526 0 0 0 0 0 0
usf1527_LMLO_L1_MS_M.jpg 4 0.840335 1 0.79052 0.0262163 0.391619 0.413702 0.0143934 0.445933 0.0281738 0.26942 0.255109 0.275403 0.322065 0.00586419 0.316464 0.0324184 0.202678 0.194722 0.191211 0.217051 0.0103768 0.240215 0.00854894 0.250944 0.0287119 0.144935 0.150128 0.154598 0.155348 0.181726 0 0 0 0 0 0
usf1528_RCC_L1_CL_M.jpg 4 0.831461 1 0.80434 0.00217265 0.421488 0.391446 0.0382384 0.433817 0.0057149 0.223906 0.255376 0.249062 0.282099 0.0256362 0.294843 0.0216575 0.177195 0.179496 0.178206 0.201183 0.0187656 0.223922 0.0100804 0.236204 0.00983 0.138677 0.138995 0.147662 0.142121 0.161655 0 0 0 0 0 0
usf1529_RCC_L1_MS_M.jpg 4 0.865881 1 0.85627 0.249102 0.614663 0.626556 0.397546 0.600874 0.0234472 0.260424 0.378582 0.344068 0.177921 0.147519 0.376774 0.057208 0.123247 0.125259 0.215427 0.283738 0.128123 0.161139 0.0288918 0.310869 0.0579111 0.158302 0.129312 0.165763 0.182408 0.253026 0 0 0 0 0 0
usf1531_LMLO_L1_CL_M.jpg 4 0.832995 1 0.798473 0.00433049 0.410092 0.406945 0.0526005 0.449032 0.0154254 0.24053 0.260014 0.238881 0.28717 0.0174125 0.298825 0.0149807 0.168869 0.19666 0.186533 0.189567 0.0227946 0.242017 0.00465947 0.234335 0.0153547 0.16326 0.148781 0.160604 0.153172 0.157805 0 0 0 0 0 0
usf1532_RCC_L1_MS_M.jpg 4 0.828053 1 0.803966 0.0196038 0.416247 0.377367 0.0225598 0.425932 0.00292188 0.239824 0.250193 0.2455 0.299612 0.00558426 0.295221 0.0137335 0.191314 0.190838 0.182486 0.200113 0.0176912 0.244156 0.0193735 0.24712 0.015003 0.137329 0.165357 0.146391 0.16057 0.1335 0 0 0 0 0 0
usf1533_RCC_L1_MS_M.jpg 4 0.84366 1 0.833267 0.0936749 0.508937 0.46029 0.183888 0.475968 0.0564139 0.105576 0.29462 0.302927 0.167728 0.0644183 0.32369 0.0848875 0.113869 0.118033 0.192345 0.288634 0.0119968 0.168485 0.0155882 0.299887 0.0249811 0.109191 0.110175 0.117778 0.176575 0.227455 0 0 0 0 0 0
usf1545_LCC_L1_MS_B.jpg 4 0.828754 1 0.806822 0.00487718 0.430051 0.405956 0.04866 0.445351 0.0597997 0.203845 0.239282 0.191329 0.275789 0.0630406 0.282987 0.062938 0.200502 0.258391 0.217869 0.220127 0.0704626 0.296609 0.0660562 0.237251 0.0333483 0.083585 0.184126 0.0855142 0.133477 0.114087 0 0 0 0 0 0
usf1570_RMLO_L1_CL_M.jpg 4 0.821587 1 0.814605 0.0350668 0.438795 0.3717 0.0508798 0.431057 0.0253213 0.210106 0.265253 0.221765 0.279806 0.0229173 0.286588 0.00233905 0.186066 0.161288 0.189562 0.173002 0.0238523 0.212042 0.021991 0.222442 0.0168929 0.128843 0.133804 0.122149 0.143488 0.119401 0 0 0 0 0 0
usf1573_RMLO_L1_MS_M.jpg 5 0.832775 1 0.813214 0.0166855 0.444242 0.405109 0.0704295 0.448995 0.0251955 0.187548 0.279864 0.274439 0.250866 0.0446057 0.32084 0.0179883 0.158601 0.136505 0.206403 0.208061 0.0451345 0.185356 0.0329359 0.252189 0.0155666 0.149572 0.113384 0.115557 0.167175 0.169665 0 0 0 0 0 0
usf1579_RCC_L1_MS_M.jpg 4 0.840808 1 0.798841 0.0470776 0.419078 0.442252 0.0706436 0.468219 0.00550226 0.228327 0.271623 0.277324 0.282198 0.0251251 0.325886 0.00726507 0.17852 0.180905 0.197351 0.209194 0.0223198 0.227057 0.00919399 0.255845 0.00157633 0.134275 0.142168 0.153225 0.159739 0.16237 0 0 0 0 0 0
usf1579_RMLO_L1_MS_M.jpg 4 0.83733 1 0.793682 0.0168207 0.39934 0.409583 0.0308689 0.444126 0.0152261 0.254045 0.253043 0.268888 0.301986 0.0159278 0.317433 0.0170505 0.18087 0.199286 0.196557 0.205128 0.0182233 0.243393 0.00607927 0.246611 0.0125662 0.162742 0.150489 0.148324 0.155185 0.164683 0 0 0 0 0 0
usf1580_LCC_L1_MS_M.jpg 4 0.900066 1 0.829802 0.425493 0.609102 0.846182 0.431106 0.753654 0.0694343 0.286255 0.430337 0.411889 0.142991 0.112228 0.495629 0.126073 0.00783745 0.0741511 0.29435 0.173799 0.119531 0.128137 0.197232 0.294416 0.0681317 0.204369 0.152261 0.33888 0.168284 0.182677 0 0 0 0 0 0
usf1580_LMLO_L2_CL_M.jpg 4 0.853677 1 0.800967 0.138715 0.451143 0.561332 0.117098 0.553285 0.105565 0.123124 0.295244 0.218747 0.20664 0.126466 0.31826 0.0728263 0.198079 0.30221 0.216008 0.259932 0.165468 0.337953 0.0335084 0.29032 0.0176085 0.138022 0.220853 0.157153 0.191249 0.178368 0 0 0 0 0 0
usf1593_RCC_L1_MS_M.jpg 4 0.877088 1 0.755988 0.201239 0.345607 0.598339 0.0724889 0.571717 0.00895135 0.29108 0.308213 0.349627 0.317492 0.0303319 0.404041 0.00436695 0.18135 0.22407 0.242273 0.248999 0.0289965 0.267092 0.0189371 0.309872 0.00806515 0.164845 0.161412 0.181934 0.198848 0.189752 0 0 0 0 0 0
usf1593_RMLO_L1_MS_M.jpg 4 0.84709 1 0.789675 0.0653019 0.398312 0.451878 0.0269723 0.471538 0.0349449 0.241503 0.271247 0.305572 0.286626 0.00843821 0.344622 0.0161647 0.167119 0.180429 0.207819 0.226735 0.036322 0.224199 0.00585013 0.26865 0.0112103 0.169702 0.134469 0.152133 0.165291 0.182385 0 0 0 0 0 0
usf1594_LCC_L1_MS_M.jpg 4 0.861842 1 0.788417 0.133828 0.410914 0.497107 0.0861935 0.484108 0.0878676 0.228998 0.261991 0.364273 0.274257 0.0205122 0.377513 0.0483094 0.168562 0.196191 0.213307 0.282718 0.0396295 0.233517 0.00892209 0.309083 0.0262905 0.146957 0.138865 0.163681 0.178152 0.22675 0 0 0 0 0 0
usf1601_RMLO_L1_CL_B.jpg 4 0.83531 1 0.791212 0.0068871 0.391754 0.407362 0.0103153 0.443628 0.00457792 0.267151 0.249193 0.255701 0.317984 0.0164114 0.31015 0.000392139 0.197869 0.210587 0.187466 0.184836 0.0116174 0.25747 0.0109198 0.234735 0.01231 0.144563 0.166239 0.168461 0.150389 0.155445 0 0 0 0 0 0
usf1602_RCC_L1_MS_B.jpg 4 0.838788 1 0.816981 0.0594991 0.462777 0.450843 0.106857 0.479334 0.00444129 0.151816 0.290681 0.27112 0.223147 0.0378725 0.323593 0.0272345 0.155374 0.149955 0.207319 0.216882 0.0638873 0.204247 0.0228862 0.252116 0.0229144 0.127213 0.136336 0.131565 0.158938 0.187119 0 0 0 0 0 0
usf1605_RMLO_L1_CL_B.jpg 4 0.835115 1 0.799841 0.0197709 0.416937 0.423164 0.0586991 0.458663 0.0195637 0.230708 0.266671 0.245208 0.285504 0.0122598 0.300653 0.00606753 0.18064 0.179394 0.179463 0.190183 0.0107788 0.221647 0.0150441 0.234624 0.0116976 0.129524 0.131899 0.167099 0.145881 0.163045 0 0 0 0 0 0
usf1607_LCC_L1_MS_B.jpg 3 0.904362 1 0.832164 0.450313 0.618907 0.864451 0.449335 0.768662 0.0470686 0.311791 0.447868 0.436783 0.175404 0.132594 0.517553 0.110863 0.044029 0.0568178 0.322256 0.200876 0.0814019 0.111746 0.184126 0.300726 0.0748588 0.16355 0.135727 0.296395 0.162688 0.229616 0 0 0 0 0 0
usf1609_LCC_L1_CL_B.jpg 4 0.839987 1 0.809998 0.0628076 0.448535 0.46286 0.0954897 0.487255 0.0149759 0.177132 0.291436 0.270131 0.241638 0.0352517 0.323552 0.00668266 0.159057 0.153979 0.19241 0.196587 0.00953977 0.209266 0.0126733 0.252105 0.0012248 0.115548 0.142234 0.158451 0.159287 0.154432 0 0 0 0 0 0
usf1613_LCC_L1_CL_M.jpg 5 0.830567 1 0.799792 0.00580133 0.409642 0.397985 0.0170118 0.44408 0.0108753 0.241796 0.263497 0.249195 0.295768 0.0110185 0.307873 0.0111969 0.181339 0.178156 0.195532 0.174271 0.0113573 0.225909 0.0127828 0.225226 0.000888627 0.153514 0.140449 0.141977 0.145645 0.142585 0 0 0 0 0 0
usf1614_RCC_L1_CL_M.jpg 4 0.841268 1 0.779312 0.033557 0.370857 0.449228 0.0542785 0.480454 0.0451634 0.288142 0.267394 0.238241 0.324222 0.0192156 0.313936 0.0163764 0.189073 0.224796 0.200967 0.156677 0.0116626 0.270586 0.0302508 0.208245 0.0265135 0.163243 0.166883 0.167566 0.126347 0.149815 0 0 0 0 0 0
usf1620_RCC_L1_MS_M.jpg 5 0.834254 1 0.794072 0.00102963 0.395957 0.391112 0.00722109 0.432486 0.0211976 0.2655 0.253255 0.268473 0.316805 0.0134785 0.309433 0.00793652 0.195292 0.179042 0.18472 0.197946 0.0192537 0.221753 0.0131158 0.238772 0.00814856 0.154956 0.133509 0.152318 0.143603 0.160364 0 0 0 0 0 0
usf1622_LCC_L1_MS_M.jpg 5 0.861696 1 0.79683 0.135961 0.42887 0.49006 0.062794 0.473763 0.07396 0.180647 0.241521 0.312627 0.25357 0.0712467 0.345824 0.166914 0.190016 0.251832 0.233985 0.351366 0.0799674 0.279395 0.0666059 0.313459 0.0351554 0.0813864 0.162687 0.0996146 0.147595 0.238727 0 0 0 0 0 0
usf1622_LMLO_L1_MS_M.jpg 5 0.872898 1 0.82618 0.213685 0.525247 0.531107 0.273374 0.495618 0.181032 0.226432 0.28774 0.418817 0.234149 0.0960415 0.384743 0.154108 0.172057 0.16838 0.204379 0.377184 0.108562 0.198154 0.0429275 0.345051 0.107204 0.137972 0.127305 0.164531 0.177955 0.340326 0 0 0 0 0 0
usf1622_RCC_L1_MS_M.jpg 4 0.834927 0.769796 0.495029 0.856413 0.229389 1 0.216001 0.690173 0.432051 0.289865 0.319086 0.867155 0.263261 0.259786 0.715973 0.127417 0.167405 0.351807 0.32386 0.616152 0.120667 0.315993 0.151791 0.612803 0.0504742 0.161305 0.19084 0.319437 0.312956 0.461219 0 0 0 0 0 0
usf1649_LCC_L1_CL_B.jpg 4 0.839289 1 0.790027 0.0303617 0.392032 0.432913 0.00905226 0.468852 0.00802511 0.262633 0.274613 0.260601 0.312468 0.0137626 0.319952 0.00125795 0.192004 0.189386 0.203147 0.186255 0.000992157 0.241184 0.014078 0.2334 0.0195961 0.150551 0.155654 0.146384 0.149239 0.163104 0 0 0 0 0 0
